$ 3 0.000032 382.76258214399064 50 5 50 5e-11
419 608 288 688 288 0 8
419 608 736 688 736 0 8
419 1040 288 1120 288 0 8
419 1040 736 1120 736 0 8
w 608 128 784 128 0
w 608 160 784 160 0
w 608 192 784 192 0
w 608 224 784 224 0
w 608 672 784 672 0
w 608 640 784 640 0
w 608 608 784 608 0
w 608 576 784 576 0
207 352 352 320 352 4 clock
207 352 384 320 384 4 reset
R 56 376 -40 376 0 2 640 5 0 3.141592653589793 0.5
R 56 344 -40 344 0 2 320 5 0 3.141592653589793 0.5
R 56 312 -40 312 0 2 160 5 0 3.141592653589793 0.5
w 152 96 152 120 0
w -24 96 152 96 0
w -24 120 -24 96 0
L -24 120 -88 120 0 0 false 5 0
I -24 120 56 120 0 0.5 5
413 56 120 216 120 0 3 8 0 112 254 13 0 0 0 0 0 -1 -2
413 328 -152 488 -152 4096 3 8 0 64 2 11 0 0 0 0 0 -1 -2
I 360 -264 360 -184 0 0.5 5
L 360 -264 360 -328 0 0 false 5 0
w 360 -264 336 -264 0
w 336 -264 336 -88 0
w 336 -88 360 -88 0
R 552 -184 552 -280 0 2 160 5 0 3.141592653589793 0.5
R 584 -184 584 -280 0 2 320 5 0 3.141592653589793 0.5
R 616 -184 616 -280 0 2 640 5 0 3.141592653589793 0.5
R 144 -120 80 -120 0 2 1280 5 0 3.141592653589793 0.5
L 144 -88 80 -88 0 1 false 5 0
207 144 -120 176 -120 4 clock
207 144 -88 176 -88 4 reset
207 152 216 200 216 4 A5
207 152 248 200 248 4 A4
207 152 184 200 184 4 A6
207 152 152 200 152 4 A7
207 152 344 200 344 4 A1
207 152 376 200 376 4 A0
207 152 312 200 312 4 A2
207 152 280 200 280 4 A3
207 456 -88 456 -40 4 B5
207 488 -88 488 -40 4 B4
207 424 -88 424 -40 4 B6
207 392 -88 392 -40 4 B7
207 584 -88 584 -40 4 B1
207 616 -88 616 -40 4 B0
207 552 -88 552 -40 4 B2
207 520 -88 520 -40 4 B3
207 352 640 304 640 4 A1
207 352 672 304 672 4 A0
207 352 608 304 608 4 A2
207 352 576 304 576 4 A3
207 352 128 304 128 4 A7
207 352 160 304 160 4 A6
207 352 224 304 224 4 A4
207 352 192 304 192 4 A5
207 912 96 912 48 4 B1
207 944 96 944 48 4 B0
207 880 96 880 48 4 B2
207 848 96 848 48 4 B3
207 416 96 416 48 4 B7
207 448 96 448 48 4 B6
207 512 96 512 48 4 B4
207 480 96 480 48 4 B5
207 144 -56 176 -56 4 keep
L 144 -56 80 -56 0 1 false 5 0
207 352 416 320 416 4 keep
207 784 416 752 416 4 keep
207 784 384 752 384 4 reset
207 784 352 752 352 4 clock
207 352 864 320 864 4 keep
207 352 832 320 832 4 reset
207 352 800 320 800 4 clock
207 784 864 752 864 4 keep
207 784 832 752 832 4 reset
207 784 800 752 800 4 clock
b 274 22 1202 1018 0
b -125 27 246 423 0
b 274 -371 685 -7 0
b -124 -370 247 -6 0
x -108 -333 50 -330 4 24 Control\sSignal
x 1090 58 1183 61 4 24 PE\sArray
x -110 65 -30 68 4 24 Input\sA
x 581 -331 662 -328 4 24 Input\sB
. 8bit3 1 16 2 25 A0 19 7 0 A1 15 6 0 A2 11 5 0 A3 6 4 0 A4 30 3 0 A5 1 2 0 A6 27 1 0 A7 22 0 0 B0 20 15 0 B1 16 14 0 B2 12 13 0 B3 7 12 0 B4 31 11 0 B5 2 10 0 B6 28 9 0 B7 23 8 0 S0 21 8 1 S1 17 7 1 S2 13 6 1 S3 8 5 1 S4 32 4 1 S5 3 3 1 S6 29 2 1 S7 24 1 1 S8 26 0 1 FullAdderElm\s1\s2\s3\s4\s5\rFullAdderElm\s6\s7\s8\s9\s10\rFullAdderElm\s11\s12\s13\s14\s9\rFullAdderElm\s15\s16\s17\s18\s14\rFullAdderElm\s19\s20\s21\s0\s18\rFullAdderElm\s22\s23\s24\s25\s26\rFullAdderElm\s27\s28\s29\s5\s25\rFullAdderElm\s30\s31\s32\s10\s4 4098\\s1\s4098\\s1\s4098\\s1\s4098\\s1\s4098\\s1\s4098\\s1\s4098\\s1\s4098\\s1
. 改进的乘法器 1 8 2 16 0 14 7 1 1 42 6 1 2 43 5 1 3 44 4 1 4 45 3 1 5 46 2 1 6 47 1 1 7 48 0 1 X0 11 7 0 X1 8 5 0 X2 4 3 0 X3 2 1 0 Y0 6 6 0 Y1 1 4 0 Y2 40 2 0 Y3 41 0 0 AndGateElm\s1\s2\s3\rAndGateElm\s1\s4\s5\rAndGateElm\s6\s2\s7\rAndGateElm\s1\s8\s9\rAndGateElm\s6\s4\s10\rAndGateElm\s1\s11\s12\rAndGateElm\s6\s8\s13\rAndGateElm\s6\s11\s14\rAndGateElm\s40\s8\s33\rAndGateElm\s40\s11\s32\rAndGateElm\s40\s4\s34\rAndGateElm\s40\s2\s35\rAndGateElm\s41\s4\s38\rAndGateElm\s41\s8\s37\rAndGateElm\s41\s11\s36\rAndGateElm\s41\s2\s39\rHalfAdderElm\s17\s21\s29\s3\rHalfAdderElm\s43\s18\s15\s32\rHalfAdderElm\s44\s24\s22\s36\rFullAdderElm\s35\s21\s27\s20\s28\rFullAdderElm\s34\s17\s23\s19\s20\rFullAdderElm\s33\s16\s22\s18\s19\rFullAdderElm\s9\s10\s15\s31\s30\rFullAdderElm\s5\s7\s16\s30\s29\rHalfAdderElm\s42\s31\s13\s12\rFullAdderElm\s37\s23\s45\s24\s25\rFullAdderElm\s38\s27\s46\s25\s26\rFullAdderElm\s39\s28\s47\s26\s48 0\\s2\\s0\\s5\s0\\s2\\s0\\s5\s0\\s2\\s0\\s5\s0\\s2\\s0\\s5\s0\\s2\\s0\\s5\s0\\s2\\s0\\s5\s0\\s2\\s0\\s5\s0\\s2\\s0\\s5\s0\\s2\\s0\\s5\s0\\s2\\s0\\s5\s0\\s2\\s0\\s5\s0\\s2\\s0\\s5\s0\\s2\\s0\\s5\s0\\s2\\s0\\s5\s0\\s2\\s0\\s5\s0\\s2\\s0\\s5\s5120\s5120\s5120\s4098\\s1\s4098\\s1\s4098\\s1\s4098\\s1\s4098\\s1\s5120\s4098\\s1\s4098\\s1\s4098\\s1
. 8bit_choose 1 2 16 25 A0 23 7 2 A1 17 6 2 A2 1 5 2 A3 11 4 2 A4 8 3 2 A5 5 2 2 A6 14 1 2 A7 20 0 2 B0 24 15 2 B1 18 14 2 B2 2 13 2 B3 12 12 2 B4 9 11 2 B5 6 10 2 B6 15 9 2 B7 21 8 2 Q0 25 7 3 Q1 19 6 3 Q2 4 5 3 Q3 13 4 3 Q4 10 3 3 Q5 7 2 3 Q6 16 1 3 Q7 22 0 3 S0 3 1 1 MultiplexerElm\s1\s2\s3\s4\rMultiplexerElm\s5\s6\s3\s7\rMultiplexerElm\s8\s9\s3\s10\rMultiplexerElm\s11\s12\s3\s13\rMultiplexerElm\s14\s15\s3\s16\rMultiplexerElm\s17\s18\s3\s19\rMultiplexerElm\s20\s21\s3\s22\rMultiplexerElm\s23\s24\s3\s25 0\\s1\s0\\s1\s0\\s1\s0\\s1\s0\\s1\s0\\s1\s0\\s1\s0\\s1
. keep_reset2 1 7 13 27 a0 57 3 2 a0' 43 3 3 a1 56 2 2 a1' 42 2 3 a2 55 1 2 a2' 44 1 3 a3 54 0 2 a3' 45 0 3 b0 50 4 0 b0' 46 4 1 b1 51 3 0 b1' 47 3 1 b2 52 2 0 b2' 48 2 1 b3 53 1 0 b3' 49 1 1 c0 9 12 3 c1 10 11 3 c2 11 10 3 c3 12 9 3 c4 13 8 3 c5 14 7 3 c6 15 6 3 c7 16 5 3 clk 41 7 2 keep 90 9 2 reset 95 8 2 CustomCompositeElm\s1\s2\s3\s4\s5\s6\s7\s8\s9\s10\s11\s12\s13\s14\s15\s16\s17\s18\s19\s20\s21\s22\s23\s24\s25\rLatchElm\s33\s34\s35\s36\s37\s38\s39\s40\s9\s10\s11\s12\s13\s14\s15\s16\s41\rCustomCompositeElm\s1\s2\s3\s4\s5\s6\s7\s8\s43\s42\s44\s45\s46\s47\s48\s49\rMultiplexerElm\s57\s43\s90\s91\rMultiplexerElm\s56\s42\s90\s92\rMultiplexerElm\s55\s44\s90\s93\rMultiplexerElm\s54\s45\s90\s94\rMultiplexerElm\s91\s0\s95\s96\rMultiplexerElm\s92\s0\s95\s97\rMultiplexerElm\s93\s0\s95\s98\rMultiplexerElm\s94\s0\s95\s99\rLatchElm\s96\s97\s98\s99\s43\s42\s44\s45\s41\rMultiplexerElm\s100\s0\s95\s104\rMultiplexerElm\s101\s0\s95\s105\rMultiplexerElm\s102\s0\s95\s106\rMultiplexerElm\s103\s0\s95\s107\rMultiplexerElm\s53\s49\s90\s100\rMultiplexerElm\s52\s48\s90\s101\rMultiplexerElm\s51\s47\s90\s102\rMultiplexerElm\s50\s46\s90\s103\rLatchElm\s107\s106\s105\s104\s46\s47\s48\s49\s41\rCustomCompositeElm\s17\s18\s19\s20\s21\s22\s23\s24\s9\s10\s11\s12\s13\s14\s15\s16\s108\s109\s110\s111\s112\s113\s114\s115\s90\rCustomCompositeElm\s108\s109\s110\s111\s112\s113\s114\s115\s0\s0\s0\s0\s0\s0\s0\s0\s33\s34\s35\s36\s37\s38\s39\s40\s95 1\\s8bit3\\s4098\\\\s1\\s4098\\\\s1\\s4098\\\\s1\\s4098\\\\s1\\s4098\\\\s1\\s4098\\\\s1\\s4098\\\\s1\\s4098\\\\s1\s4098\\s8\\s0\\s0\\s0\\s0\\s0\\s0\\s0\\s0\s1\\s改进的乘法器\\s0\\\\s2\\\\s0\\\\s5\\s0\\\\s2\\\\s0\\\\s5\\s0\\\\s2\\\\s0\\\\s5\\s0\\\\s2\\\\s0\\\\s5\\s0\\\\s2\\\\s0\\\\s5\\s0\\\\s2\\\\s0\\\\s5\\s0\\\\s2\\\\s0\\\\s5\\s0\\\\s2\\\\s0\\\\s5\\s0\\\\s2\\\\s0\\\\s5\\s0\\\\s2\\\\s0\\\\s5\\s0\\\\s2\\\\s0\\\\s5\\s0\\\\s2\\\\s0\\\\s5\\s0\\\\s2\\\\s0\\\\s5\\s0\\\\s2\\\\s0\\\\s5\\s0\\\\s2\\\\s0\\\\s5\\s0\\\\s2\\\\s0\\\\s5\\s5120\\s5120\\s5120\\s4098\\\\s1\\s4098\\\\s1\\s4098\\\\s1\\s4098\\\\s1\\s4098\\\\s1\\s5120\\s4098\\\\s1\\s4098\\\\s1\\s4098\\\\s1\s0\\s1\s0\\s1\s0\\s1\s0\\s1\s0\\s1\s0\\s1\s0\\s1\s0\\s1\s2050\\s4\\s0\\s0\\s0\\s0\s0\\s1\s0\\s1\s0\\s1\s0\\s1\s0\\s1\s0\\s1\s0\\s1\s0\\s1\s2050\\s4\\s0\\s0\\s0\\s0\s4097\\s8bit_choose\\s0\\\\s1\\s0\\\\s1\\s0\\\\s1\\s0\\\\s1\\s0\\\\s1\\s0\\\\s1\\s0\\\\s1\\s0\\\\s1\s4097\\s8bit_choose\\s0\\\\s1\\s0\\\\s1\\s0\\\\s1\\s0\\\\s1\\s0\\\\s1\\s0\\\\s1\\s0\\\\s1\\s0\\\\s1
410 352 576 544 864 1 keep_reset2 1\s8bit3\s4098\\s1\s4098\\s1\s4098\\s1\s4098\\s1\s4098\\s1\s4098\\s1\s4098\\s1\s4098\\s1 4098\s8\s0\s0\s0\s0\s0\s0\s0\s0 1\s改进的乘法器\s0\\s2\\s0\\s5\s0\\s2\\s0\\s5\s0\\s2\\s0\\s5\s0\\s2\\s0\\s5\s0\\s2\\s0\\s5\s0\\s2\\s0\\s5\s0\\s2\\s0\\s5\s0\\s2\\s0\\s5\s0\\s2\\s0\\s5\s0\\s2\\s0\\s5\s0\\s2\\s0\\s5\s0\\s2\\s0\\s5\s0\\s2\\s0\\s5\s0\\s2\\s0\\s5\s0\\s2\\s0\\s5\s0\\s2\\s0\\s5\s5120\s5120\s5120\s4098\\s1\s4098\\s1\s4098\\s1\s4098\\s1\s4098\\s1\s5120\s4098\\s1\s4098\\s1\s4098\\s1 0\s1 0\s1 0\s1 0\s1 0\s1 0\s1 0\s1 0\s1 2050\s4\s0\s0\s0\s0 0\s1 0\s1 0\s1 0\s1 0\s1 0\s1 0\s1 0\s1 2050\s4\s0\s0\s0\s0 4097\s8bit_choose\s0\\s1\s0\\s1\s0\\s1\s0\\s1\s0\\s1\s0\\s1\s0\\s1\s0\\s1 4097\s8bit_choose\s0\\s1\s0\\s1\s0\\s1\s0\\s1\s0\\s1\s0\\s1\s0\\s1\s0\\s1
410 784 128 976 416 1 keep_reset2 1\s8bit3\s4098\\s1\s4098\\s1\s4098\\s1\s4098\\s1\s4098\\s1\s4098\\s1\s4098\\s1\s4098\\s1 4098\s8\s0\s0\s0\s0\s0\s0\s0\s0 1\s改进的乘法器\s0\\s2\\s0\\s5\s0\\s2\\s0\\s5\s0\\s2\\s0\\s5\s0\\s2\\s0\\s5\s0\\s2\\s0\\s5\s0\\s2\\s0\\s5\s0\\s2\\s0\\s5\s0\\s2\\s0\\s5\s0\\s2\\s0\\s5\s0\\s2\\s0\\s5\s0\\s2\\s0\\s5\s0\\s2\\s0\\s5\s0\\s2\\s0\\s5\s0\\s2\\s0\\s5\s0\\s2\\s0\\s5\s0\\s2\\s0\\s5\s5120\s5120\s5120\s4098\\s1\s4098\\s1\s4098\\s1\s4098\\s1\s4098\\s1\s5120\s4098\\s1\s4098\\s1\s4098\\s1 0\s1 0\s1 0\s1 0\s1 0\s1 0\s1 0\s1 0\s1 2050\s4\s0\s0\s0\s0 0\s1 0\s1 0\s1 0\s1 0\s1 0\s1 0\s1 0\s1 2050\s4\s0\s0\s0\s0 4097\s8bit_choose\s0\\s1\s0\\s1\s0\\s1\s0\\s1\s0\\s1\s0\\s1\s0\\s1\s0\\s1 4097\s8bit_choose\s0\\s1\s0\\s1\s0\\s1\s0\\s1\s0\\s1\s0\\s1\s0\\s1\s0\\s1
410 352 128 544 416 1 keep_reset2 1\s8bit3\s4098\\s1\s4098\\s1\s4098\\s1\s4098\\s1\s4098\\s1\s4098\\s1\s4098\\s1\s4098\\s1 4098\s8\s0\s0\s0\s0\s0\s0\s0\s0 1\s改进的乘法器\s0\\s2\\s0\\s5\s0\\s2\\s0\\s5\s0\\s2\\s0\\s5\s0\\s2\\s0\\s5\s0\\s2\\s0\\s5\s0\\s2\\s0\\s5\s0\\s2\\s0\\s5\s0\\s2\\s0\\s5\s0\\s2\\s0\\s5\s0\\s2\\s0\\s5\s0\\s2\\s0\\s5\s0\\s2\\s0\\s5\s0\\s2\\s0\\s5\s0\\s2\\s0\\s5\s0\\s2\\s0\\s5\s0\\s2\\s0\\s5\s5120\s5120\s5120\s4098\\s1\s4098\\s1\s4098\\s1\s4098\\s1\s4098\\s1\s5120\s4098\\s1\s4098\\s1\s4098\\s1 0\s1 0\s1 0\s1 0\s1 0\s1 0\s1 0\s1 0\s1 2050\s4\s0\s0\s0\s0 0\s1 0\s1 0\s1 0\s1 0\s1 0\s1 0\s1 0\s1 2050\s4\s0\s0\s0\s0 4097\s8bit_choose\s0\\s1\s0\\s1\s0\\s1\s0\\s1\s0\\s1\s0\\s1\s0\\s1\s0\\s1 4097\s8bit_choose\s0\\s1\s0\\s1\s0\\s1\s0\\s1\s0\\s1\s0\\s1\s0\\s1\s0\\s1
410 784 576 976 864 1 keep_reset2 1\s8bit3\s4098\\s1\s4098\\s1\s4098\\s1\s4098\\s1\s4098\\s1\s4098\\s1\s4098\\s1\s4098\\s1 4098\s8\s0\s0\s0\s0\s0\s0\s0\s0 1\s改进的乘法器\s0\\s2\\s0\\s5\s0\\s2\\s0\\s5\s0\\s2\\s0\\s5\s0\\s2\\s0\\s5\s0\\s2\\s0\\s5\s0\\s2\\s0\\s5\s0\\s2\\s0\\s5\s0\\s2\\s0\\s5\s0\\s2\\s0\\s5\s0\\s2\\s0\\s5\s0\\s2\\s0\\s5\s0\\s2\\s0\\s5\s0\\s2\\s0\\s5\s0\\s2\\s0\\s5\s0\\s2\\s0\\s5\s0\\s2\\s0\\s5\s5120\s5120\s5120\s4098\\s1\s4098\\s1\s4098\\s1\s4098\\s1\s4098\\s1\s5120\s4098\\s1\s4098\\s1\s4098\\s1 0\s1 0\s1 0\s1 0\s1 0\s1 0\s1 0\s1 0\s1 2050\s4\s0\s0\s0\s0 0\s1 0\s1 0\s1 0\s1 0\s1 0\s1 0\s1 0\s1 2050\s4\s0\s0\s0\s0 4097\s8bit_choose\s0\\s1\s0\\s1\s0\\s1\s0\\s1\s0\\s1\s0\\s1\s0\\s1\s0\\s1 4097\s8bit_choose\s0\\s1\s0\\s1\s0\\s1\s0\\s1\s0\\s1\s0\\s1\s0\\s1\s0\\s1
o 32 1 0 x281013 5 0.00009765625 0 2 8 2 0 32 3 0.000049999999999999996 0 CLK
o 14 1 0 x281013 5 0.00009765625 0 2 8 2 0 14 3 0.000049999999999999996 0 A0
o 15 1 0 x281013 5 0.00009765625 0 2 8 2 0 15 3 0.000049999999999999996 0 A1
o 16 1 0 x281013 5 0.00009765625 0 2 8 2 0 16 3 0.000049999999999999996 0 A2
