$ 3 0.000032 382.76258214399064 50 5 50 5e-11
419 608 288 688 288 0 8
419 608 736 688 736 0 8
419 1040 288 1120 288 0 8
419 1040 736 1120 736 0 8
w 608 128 784 128 0
w 608 160 784 160 0
w 608 192 784 192 0
w 608 224 784 224 0
w 608 672 784 672 0
w 608 640 784 640 0
w 608 608 784 608 0
w 608 576 784 576 0
207 352 352 320 352 4 clock
207 352 384 320 384 4 reset
R 56 376 -40 376 0 2 640 5 0 3.141592653589793 0.5
R 56 344 -40 344 0 2 320 5 0 3.141592653589793 0.5
R 56 312 -40 312 0 2 160 5 0 3.141592653589793 0.5
w 152 96 152 120 0
w -24 96 152 96 0
w -24 120 -24 96 0
L -24 120 -88 120 0 0 false 5 0
I -24 120 56 120 0 0.5 5
413 56 120 216 120 0 3 8 0 112 254 13 0 0 0 0 0 -1 -2
413 328 -152 488 -152 4096 3 8 0 64 2 11 0 0 0 0 0 -1 -2
I 360 -264 360 -184 0 0.5 5
L 360 -264 360 -328 0 0 false 5 0
w 360 -264 336 -264 0
w 336 -264 336 -88 0
w 336 -88 360 -88 0
R 552 -184 552 -280 0 2 160 5 0 3.141592653589793 0.5
R 584 -184 584 -280 0 2 320 5 0 3.141592653589793 0.5
R 616 -184 616 -280 0 2 640 5 0 3.141592653589793 0.5
R 144 -120 80 -120 0 2 1280 5 0 3.141592653589793 0.5
L 144 -88 80 -88 0 0 false 5 0
207 144 -120 176 -120 4 clock
207 144 -88 176 -88 4 reset
207 152 216 200 216 4 A5
207 152 248 200 248 4 A4
207 152 184 200 184 4 A6
207 152 152 200 152 4 A7
207 152 344 200 344 4 A1
207 152 376 200 376 4 A0
207 152 312 200 312 4 A2
207 152 280 200 280 4 A3
207 456 -88 456 -40 4 B5
207 488 -88 488 -40 4 B4
207 424 -88 424 -40 4 B6
207 392 -88 392 -40 4 B7
207 584 -88 584 -40 4 B1
207 616 -88 616 -40 4 B0
207 552 -88 552 -40 4 B2
207 520 -88 520 -40 4 B3
207 352 640 304 640 4 A1
207 352 672 304 672 4 A0
207 352 608 304 608 4 A2
207 352 576 304 576 4 A3
207 352 128 304 128 4 A7
207 352 160 304 160 4 A6
207 352 224 304 224 4 A4
207 352 192 304 192 4 A5
207 912 96 912 48 4 B1
207 944 96 944 48 4 B0
207 880 96 880 48 4 B2
207 848 96 848 48 4 B3
207 416 96 416 48 4 B7
207 448 96 448 48 4 B6
207 512 96 512 48 4 B4
207 480 96 480 48 4 B5
207 144 -56 176 -56 4 keep
L 144 -56 80 -56 0 0 false 5 0
207 352 416 320 416 4 keep
207 784 416 752 416 4 keep
207 784 384 752 384 4 reset
207 784 352 752 352 4 clock
207 352 864 320 864 4 keep
207 352 832 320 832 4 reset
207 352 800 320 800 4 clock
207 784 864 752 864 4 keep
207 784 832 752 832 4 reset
207 784 800 752 800 4 clock
b 274 22 1202 1018 0
b -125 27 246 423 0
b 274 -371 685 -7 0
b -124 -370 247 -6 0
x -108 -333 50 -330 4 24 Control\sSignal
x 1090 58 1183 61 4 24 PE\sArray
x -110 65 -30 68 4 24 Input\sA
x 581 -331 662 -328 4 24 Input\sB
. 我的半加器 1 2 2 4 A 2 0 2 B 1 1 2 cout 4 1 3 sum 3 0 3 XorGateElm\s1\s2\s3\rAndGateElm\s1\s2\s4 0\\s2\\s0\\s5\s0\\s2\\s0\\s5
. 我的与非门 1 2 2 3 A 1 0 2 B 5 1 2 O 2 0 3 MosfetElm\s1\s2\s3\rMosfetElm\s1\s4\s2\rMosfetElm\s5\s0\s4\rMosfetElm\s5\s2\s3\rRailElm\s3 33\\s1.5\\s0.02\s32\\s1.5\\s0.02\s32\\s1.5\\s0.02\s33\\s1.5\\s0.02\s0\\s0\\s40\\s5\\s0\\s0\\s0.5
. 我的全加器 1 2 3 5 A 1 0 2 B 2 1 2 cin 15 2 2 cout 28 1 3 sum 25 0 3 CustomCompositeElm\s1\s2\s3\rCustomCompositeElm\s1\s3\s6\rCustomCompositeElm\s3\s2\s9\rCustomCompositeElm\s6\s9\s12\rCustomCompositeElm\s12\s15\s16\rCustomCompositeElm\s12\s16\s19\rCustomCompositeElm\s16\s15\s22\rCustomCompositeElm\s19\s22\s25\rCustomCompositeElm\s16\s3\s28 1\\s我的与非门\\s33\\\\s1.5\\\\s0.02\\s32\\\\s1.5\\\\s0.02\\s32\\\\s1.5\\\\s0.02\\s33\\\\s1.5\\\\s0.02\\s0\\\\s0\\\\s40\\\\s5\\\\s0\\\\s0\\\\s0.5\s1\\s我的与非门\\s33\\\\s1.5\\\\s0.02\\s32\\\\s1.5\\\\s0.02\\s32\\\\s1.5\\\\s0.02\\s33\\\\s1.5\\\\s0.02\\s0\\\\s0\\\\s40\\\\s5\\\\s0\\\\s0\\\\s0.5\s1\\s我的与非门\\s33\\\\s1.5\\\\s0.02\\s32\\\\s1.5\\\\s0.02\\s32\\\\s1.5\\\\s0.02\\s33\\\\s1.5\\\\s0.02\\s0\\\\s0\\\\s40\\\\s5\\\\s0\\\\s0\\\\s0.5\s1\\s我的与非门\\s33\\\\s1.5\\\\s0.02\\s32\\\\s1.5\\\\s0.02\\s32\\\\s1.5\\\\s0.02\\s33\\\\s1.5\\\\s0.02\\s0\\\\s0\\\\s40\\\\s5\\\\s0\\\\s0\\\\s0.5\s1\\s我的与非门\\s33\\\\s1.5\\\\s0.02\\s32\\\\s1.5\\\\s0.02\\s32\\\\s1.5\\\\s0.02\\s33\\\\s1.5\\\\s0.02\\s0\\\\s0\\\\s40\\\\s5\\\\s0\\\\s0\\\\s0.5\s1\\s我的与非门\\s33\\\\s1.5\\\\s0.02\\s32\\\\s1.5\\\\s0.02\\s32\\\\s1.5\\\\s0.02\\s33\\\\s1.5\\\\s0.02\\s0\\\\s0\\\\s40\\\\s5\\\\s0\\\\s0\\\\s0.5\s1\\s我的与非门\\s33\\\\s1.5\\\\s0.02\\s32\\\\s1.5\\\\s0.02\\s32\\\\s1.5\\\\s0.02\\s33\\\\s1.5\\\\s0.02\\s0\\\\s0\\\\s40\\\\s5\\\\s0\\\\s0\\\\s0.5\s1\\s我的与非门\\s33\\\\s1.5\\\\s0.02\\s32\\\\s1.5\\\\s0.02\\s32\\\\s1.5\\\\s0.02\\s33\\\\s1.5\\\\s0.02\\s0\\\\s0\\\\s40\\\\s5\\\\s0\\\\s0\\\\s0.5\s1\\s我的与非门\\s33\\\\s1.5\\\\s0.02\\s32\\\\s1.5\\\\s0.02\\s32\\\\s1.5\\\\s0.02\\s33\\\\s1.5\\\\s0.02\\s0\\\\s0\\\\s40\\\\s5\\\\s0\\\\s0\\\\s0.5
. 3bit超前3 1 2 7 11 A0 3 5 2 A1 6 4 2 A2 11 3 2 B0 4 2 2 B1 7 1 2 B2 12 0 2 Cin 1 6 2 Cout 33 0 3 S0 18 3 3 S1 32 2 3 S2 30 1 3 InverterElm\s1\s2\rNandGateElm\s3\s4\s5\rNandGateElm\s6\s7\s8\rNorGateElm\s6\s7\s9\rNorGateElm\s3\s4\s10\rNorGateElm\s11\s12\s13\rNandGateElm\s11\s12\s14\rInverterElm\s2\s15\rInverterElm\s10\s16\rAndGateElm\s16\s5\s17\rXorGateElm\s15\s17\s18\rInverterElm\s9\s19\rAndGateElm\s9\s14\s20\rAndGateElm\s14\s8\s10\s21\rAndGateElm\s8\s2\s5\s14\s22\rAndGateElm\s23\s14\s24\rInverterElm\s13\s23\rAndGateElm\s8\s10\s25\rAndGateElm\s2\s8\s5\s26\rNorGateElm\s27\s10\s28\rNorGateElm\s9\s26\s25\s29\rXorGateElm\s29\s24\s30\rXorGateElm\s28\s31\s32\rNorGateElm\s22\s21\s20\s13\s33\rAndGateElm\s2\s5\s27\rAndGateElm\s19\s8\s31 0\\s0.5\\s5\s0\\s2\\s5\\s5\s0\\s2\\s5\\s5\s0\\s2\\s5\\s5\s0\\s2\\s5\\s5\s0\\s2\\s5\\s5\s0\\s2\\s5\\s5\s0\\s0.5\\s5\s0\\s0.5\\s5\s0\\s2\\s0\\s5\s0\\s2\\s0\\s5\s0\\s0.5\\s5\s0\\s2\\s5\\s5\s0\\s3\\s5\\s5\s0\\s4\\s5\\s5\s0\\s2\\s0\\s5\s0\\s0.5\\s5\s0\\s2\\s5\\s5\s0\\s3\\s5\\s5\s0\\s2\\s0\\s5\s0\\s3\\s0\\s5\s0\\s2\\s0\\s5\s0\\s2\\s0\\s5\s0\\s4\\s0\\s5\s0\\s2\\s5\\s5\s0\\s2\\s0\\s5
. 混合3 1 16 2 25 A0 1 15 0 A1 5 14 0 A2 35 13 0 A3 36 12 0 A4 37 11 0 A5 38 10 0 A6 39 9 0 A7 40 8 0 B0 2 7 0 B1 6 6 0 B2 41 5 0 B3 42 4 0 B4 43 3 0 B5 44 2 0 B6 45 1 0 B7 46 0 0 S0 4 8 1 S1 8 7 1 S2 47 6 1 S3 48 5 1 S4 49 4 1 S5 50 3 1 S6 51 2 1 S7 52 1 1 S8 53 0 1 CustomCompositeElm\s1\s2\s3\s4\rCustomCompositeElm\s5\s6\s3\s7\s8\rCustomCompositeElm\s35\s36\s37\s41\s42\s43\s7\s34\s47\s48\s49\rCustomCompositeElm\s38\s39\s40\s44\s45\s46\s34\s53\s50\s51\s52 5121\\s我的半加器\\s0\\\\s2\\\\s0\\\\s5\\s0\\\\s2\\\\s0\\\\s5\s4097\\s我的全加器\\s1\\\\s我的与非门\\\\s33\\\\\\\\s1.5\\\\\\\\s0.02\\\\s32\\\\\\\\s1.5\\\\\\\\s0.02\\\\s32\\\\\\\\s1.5\\\\\\\\s0.02\\\\s33\\\\\\\\s1.5\\\\\\\\s0.02\\\\s0\\\\\\\\s0\\\\\\\\s40\\\\\\\\s5\\\\\\\\s0\\\\\\\\s0\\\\\\\\s0.5\\s1\\\\s我的与非门\\\\s33\\\\\\\\s1.5\\\\\\\\s0.02\\\\s32\\\\\\\\s1.5\\\\\\\\s0.02\\\\s32\\\\\\\\s1.5\\\\\\\\s0.02\\\\s33\\\\\\\\s1.5\\\\\\\\s0.02\\\\s0\\\\\\\\s0\\\\\\\\s40\\\\\\\\s5\\\\\\\\s0\\\\\\\\s0\\\\\\\\s0.5\\s1\\\\s我的与非门\\\\s33\\\\\\\\s1.5\\\\\\\\s0.02\\\\s32\\\\\\\\s1.5\\\\\\\\s0.02\\\\s32\\\\\\\\s1.5\\\\\\\\s0.02\\\\s33\\\\\\\\s1.5\\\\\\\\s0.02\\\\s0\\\\\\\\s0\\\\\\\\s40\\\\\\\\s5\\\\\\\\s0\\\\\\\\s0\\\\\\\\s0.5\\s1\\\\s我的与非门\\\\s33\\\\\\\\s1.5\\\\\\\\s0.02\\\\s32\\\\\\\\s1.5\\\\\\\\s0.02\\\\s32\\\\\\\\s1.5\\\\\\\\s0.02\\\\s33\\\\\\\\s1.5\\\\\\\\s0.02\\\\s0\\\\\\\\s0\\\\\\\\s40\\\\\\\\s5\\\\\\\\s0\\\\\\\\s0\\\\\\\\s0.5\\s1\\\\s我的与非门\\\\s33\\\\\\\\s1.5\\\\\\\\s0.02\\\\s32\\\\\\\\s1.5\\\\\\\\s0.02\\\\s32\\\\\\\\s1.5\\\\\\\\s0.02\\\\s33\\\\\\\\s1.5\\\\\\\\s0.02\\\\s0\\\\\\\\s0\\\\\\\\s40\\\\\\\\s5\\\\\\\\s0\\\\\\\\s0\\\\\\\\s0.5\\s1\\\\s我的与非门\\\\s33\\\\\\\\s1.5\\\\\\\\s0.02\\\\s32\\\\\\\\s1.5\\\\\\\\s0.02\\\\s32\\\\\\\\s1.5\\\\\\\\s0.02\\\\s33\\\\\\\\s1.5\\\\\\\\s0.02\\\\s0\\\\\\\\s0\\\\\\\\s40\\\\\\\\s5\\\\\\\\s0\\\\\\\\s0\\\\\\\\s0.5\\s1\\\\s我的与非门\\\\s33\\\\\\\\s1.5\\\\\\\\s0.02\\\\s32\\\\\\\\s1.5\\\\\\\\s0.02\\\\s32\\\\\\\\s1.5\\\\\\\\s0.02\\\\s33\\\\\\\\s1.5\\\\\\\\s0.02\\\\s0\\\\\\\\s0\\\\\\\\s40\\\\\\\\s5\\\\\\\\s0\\\\\\\\s0\\\\\\\\s0.5\\s1\\\\s我的与非门\\\\s33\\\\\\\\s1.5\\\\\\\\s0.02\\\\s32\\\\\\\\s1.5\\\\\\\\s0.02\\\\s32\\\\\\\\s1.5\\\\\\\\s0.02\\\\s33\\\\\\\\s1.5\\\\\\\\s0.02\\\\s0\\\\\\\\s0\\\\\\\\s40\\\\\\\\s5\\\\\\\\s0\\\\\\\\s0\\\\\\\\s0.5\\s1\\\\s我的与非门\\\\s33\\\\\\\\s1.5\\\\\\\\s0.02\\\\s32\\\\\\\\s1.5\\\\\\\\s0.02\\\\s32\\\\\\\\s1.5\\\\\\\\s0.02\\\\s33\\\\\\\\s1.5\\\\\\\\s0.02\\\\s0\\\\\\\\s0\\\\\\\\s40\\\\\\\\s5\\\\\\\\s0\\\\\\\\s0\\\\\\\\s0.5\s4097\\s3bit超前3\\s0\\\\s0.5\\\\s5\\s0\\\\s2\\\\s0\\\\s5\\s0\\\\s2\\\\s0\\\\s5\\s0\\\\s2\\\\s0\\\\s5\\s0\\\\s2\\\\s0\\\\s5\\s0\\\\s2\\\\s0\\\\s5\\s0\\\\s2\\\\s0\\\\s5\\s0\\\\s0.5\\\\s5\\s0\\\\s0.5\\\\s5\\s0\\\\s2\\\\s0\\\\s5\\s0\\\\s2\\\\s0\\\\s5\\s0\\\\s0.5\\\\s5\\s0\\\\s2\\\\s0\\\\s5\\s0\\\\s3\\\\s0\\\\s5\\s0\\\\s4\\\\s0\\\\s5\\s0\\\\s2\\\\s0\\\\s5\\s0\\\\s0.5\\\\s5\\s0\\\\s2\\\\s0\\\\s5\\s0\\\\s3\\\\s0\\\\s5\\s0\\\\s2\\\\s0\\\\s5\\s0\\\\s3\\\\s0\\\\s5\\s0\\\\s2\\\\s0\\\\s5\\s0\\\\s2\\\\s0\\\\s5\\s0\\\\s4\\\\s0\\\\s5\\s0\\\\s2\\\\s0\\\\s5\\s0\\\\s2\\\\s0\\\\s5\s4097\\s3bit超前3\\s0\\\\s0.5\\\\s5\\s0\\\\s2\\\\s0\\\\s5\\s0\\\\s2\\\\s0\\\\s5\\s0\\\\s2\\\\s0\\\\s5\\s0\\\\s2\\\\s0\\\\s5\\s0\\\\s2\\\\s0\\\\s5\\s0\\\\s2\\\\s0\\\\s5\\s0\\\\s0.5\\\\s5\\s0\\\\s0.5\\\\s5\\s0\\\\s2\\\\s0\\\\s5\\s0\\\\s2\\\\s0\\\\s5\\s0\\\\s0.5\\\\s5\\s0\\\\s2\\\\s0\\\\s5\\s0\\\\s3\\\\s0\\\\s5\\s0\\\\s4\\\\s0\\\\s5\\s0\\\\s2\\\\s0\\\\s5\\s0\\\\s0.5\\\\s5\\s0\\\\s2\\\\s0\\\\s5\\s0\\\\s3\\\\s0\\\\s5\\s0\\\\s2\\\\s0\\\\s5\\s0\\\\s3\\\\s0\\\\s5\\s0\\\\s2\\\\s0\\\\s5\\s0\\\\s2\\\\s0\\\\s5\\s0\\\\s4\\\\s0\\\\s5\\s0\\\\s2\\\\s0\\\\s5\\s0\\\\s2\\\\s0\\\\s5
. 改进的乘法器 1 8 2 16 0 14 7 1 1 42 6 1 2 43 5 1 3 44 4 1 4 45 3 1 5 46 2 1 6 47 1 1 7 48 0 1 X0 11 7 0 X1 8 5 0 X2 4 3 0 X3 2 1 0 Y0 6 6 0 Y1 1 4 0 Y2 40 2 0 Y3 41 0 0 AndGateElm\s1\s2\s3\rAndGateElm\s1\s4\s5\rAndGateElm\s6\s2\s7\rAndGateElm\s1\s8\s9\rAndGateElm\s6\s4\s10\rAndGateElm\s1\s11\s12\rAndGateElm\s6\s8\s13\rAndGateElm\s6\s11\s14\rAndGateElm\s40\s8\s33\rAndGateElm\s40\s11\s32\rAndGateElm\s40\s4\s34\rAndGateElm\s40\s2\s35\rAndGateElm\s41\s4\s38\rAndGateElm\s41\s8\s37\rAndGateElm\s41\s11\s36\rAndGateElm\s41\s2\s39\rHalfAdderElm\s17\s21\s29\s3\rHalfAdderElm\s43\s18\s15\s32\rHalfAdderElm\s44\s24\s22\s36\rFullAdderElm\s35\s21\s27\s20\s28\rFullAdderElm\s34\s17\s23\s19\s20\rFullAdderElm\s33\s16\s22\s18\s19\rFullAdderElm\s9\s10\s15\s31\s30\rFullAdderElm\s5\s7\s16\s30\s29\rHalfAdderElm\s42\s31\s13\s12\rFullAdderElm\s37\s23\s45\s24\s25\rFullAdderElm\s38\s27\s46\s25\s26\rFullAdderElm\s39\s28\s47\s26\s48 0\\s2\\s0\\s5\s0\\s2\\s0\\s5\s0\\s2\\s0\\s5\s0\\s2\\s0\\s5\s0\\s2\\s0\\s5\s0\\s2\\s0\\s5\s0\\s2\\s0\\s5\s0\\s2\\s0\\s5\s0\\s2\\s0\\s5\s0\\s2\\s0\\s5\s0\\s2\\s0\\s5\s0\\s2\\s0\\s5\s0\\s2\\s0\\s5\s0\\s2\\s0\\s5\s0\\s2\\s0\\s5\s0\\s2\\s0\\s5\s5120\s5120\s5120\s4098\\s1\s4098\\s1\s4098\\s1\s4098\\s1\s4098\\s1\s5120\s4098\\s1\s4098\\s1\s4098\\s1
. 8bit_choose 1 2 16 25 A0 23 7 2 A1 17 6 2 A2 1 5 2 A3 11 4 2 A4 8 3 2 A5 5 2 2 A6 14 1 2 A7 20 0 2 B0 24 15 2 B1 18 14 2 B2 2 13 2 B3 12 12 2 B4 9 11 2 B5 6 10 2 B6 15 9 2 B7 21 8 2 Q0 25 7 3 Q1 19 6 3 Q2 4 5 3 Q3 13 4 3 Q4 10 3 3 Q5 7 2 3 Q6 16 1 3 Q7 22 0 3 S0 3 1 1 MultiplexerElm\s1\s2\s3\s4\rMultiplexerElm\s5\s6\s3\s7\rMultiplexerElm\s8\s9\s3\s10\rMultiplexerElm\s11\s12\s3\s13\rMultiplexerElm\s14\s15\s3\s16\rMultiplexerElm\s17\s18\s3\s19\rMultiplexerElm\s20\s21\s3\s22\rMultiplexerElm\s23\s24\s3\s25 0\\s1\s0\\s1\s0\\s1\s0\\s1\s0\\s1\s0\\s1\s0\\s1\s0\\s1
. 脉动阵列最终 1 7 13 27 a0 122 3 2 a0' 108 3 3 a1 121 2 2 a1' 107 2 3 a2 120 1 2 a2' 109 1 3 a3 119 0 2 a3' 110 0 3 b0 115 4 0 b0' 111 4 1 b1 116 3 0 b1' 112 3 1 b2 117 2 0 b2' 113 2 1 b3 118 1 0 b3' 114 1 1 c0 1 12 3 c1 2 11 3 c2 3 10 3 c3 4 9 3 c4 5 8 3 c5 6 7 3 c6 7 6 3 c7 8 5 3 clk 106 7 2 keep 155 9 2 reset 160 8 2 CustomCompositeElm\s1\s2\s3\s4\s5\s6\s7\s8\s9\s10\s11\s12\s13\s14\s15\s16\s17\s18\s19\s20\s21\s22\s23\s24\s25\rLatchElm\s98\s99\s100\s101\s102\s103\s104\s105\s1\s2\s3\s4\s5\s6\s7\s8\s106\rCustomCompositeElm\s9\s10\s11\s12\s13\s14\s15\s16\s108\s107\s109\s110\s111\s112\s113\s114\rMultiplexerElm\s122\s108\s155\s156\rMultiplexerElm\s121\s107\s155\s157\rMultiplexerElm\s120\s109\s155\s158\rMultiplexerElm\s119\s110\s155\s159\rMultiplexerElm\s156\s0\s160\s161\rMultiplexerElm\s157\s0\s160\s162\rMultiplexerElm\s158\s0\s160\s163\rMultiplexerElm\s159\s0\s160\s164\rLatchElm\s161\s162\s163\s164\s108\s107\s109\s110\s106\rMultiplexerElm\s165\s0\s160\s169\rMultiplexerElm\s166\s0\s160\s170\rMultiplexerElm\s167\s0\s160\s171\rMultiplexerElm\s168\s0\s160\s172\rMultiplexerElm\s118\s114\s155\s165\rMultiplexerElm\s117\s113\s155\s166\rMultiplexerElm\s116\s112\s155\s167\rMultiplexerElm\s115\s111\s155\s168\rLatchElm\s172\s171\s170\s169\s111\s112\s113\s114\s106\rCustomCompositeElm\s17\s18\s19\s20\s21\s22\s23\s24\s1\s2\s3\s4\s5\s6\s7\s8\s173\s174\s175\s176\s177\s178\s179\s180\s155\rCustomCompositeElm\s173\s174\s175\s176\s177\s178\s179\s180\s0\s0\s0\s0\s0\s0\s0\s0\s98\s99\s100\s101\s102\s103\s104\s105\s160 1\\s混合3\\s5121\\\\s我的半加器\\\\s0\\\\\\\\s2\\\\\\\\s0\\\\\\\\s5\\\\s0\\\\\\\\s2\\\\\\\\s0\\\\\\\\s5\\s4097\\\\s我的全加器\\\\s1\\\\\\\\s我的与非门\\\\\\\\s33\\\\\\\\\\\\\\\\s1.5\\\\\\\\\\\\\\\\s0.02\\\\\\\\s32\\\\\\\\\\\\\\\\s1.5\\\\\\\\\\\\\\\\s0.02\\\\\\\\s32\\\\\\\\\\\\\\\\s1.5\\\\\\\\\\\\\\\\s0.02\\\\\\\\s33\\\\\\\\\\\\\\\\s1.5\\\\\\\\\\\\\\\\s0.02\\\\\\\\s0\\\\\\\\\\\\\\\\s0\\\\\\\\\\\\\\\\s40\\\\\\\\\\\\\\\\s5\\\\\\\\\\\\\\\\s0\\\\\\\\\\\\\\\\s0\\\\\\\\\\\\\\\\s0.5\\\\s1\\\\\\\\s我的与非门\\\\\\\\s33\\\\\\\\\\\\\\\\s1.5\\\\\\\\\\\\\\\\s0.02\\\\\\\\s32\\\\\\\\\\\\\\\\s1.5\\\\\\\\\\\\\\\\s0.02\\\\\\\\s32\\\\\\\\\\\\\\\\s1.5\\\\\\\\\\\\\\\\s0.02\\\\\\\\s33\\\\\\\\\\\\\\\\s1.5\\\\\\\\\\\\\\\\s0.02\\\\\\\\s0\\\\\\\\\\\\\\\\s0\\\\\\\\\\\\\\\\s40\\\\\\\\\\\\\\\\s5\\\\\\\\\\\\\\\\s0\\\\\\\\\\\\\\\\s0\\\\\\\\\\\\\\\\s0.5\\\\s1\\\\\\\\s我的与非门\\\\\\\\s33\\\\\\\\\\\\\\\\s1.5\\\\\\\\\\\\\\\\s0.02\\\\\\\\s32\\\\\\\\\\\\\\\\s1.5\\\\\\\\\\\\\\\\s0.02\\\\\\\\s32\\\\\\\\\\\\\\\\s1.5\\\\\\\\\\\\\\\\s0.02\\\\\\\\s33\\\\\\\\\\\\\\\\s1.5\\\\\\\\\\\\\\\\s0.02\\\\\\\\s0\\\\\\\\\\\\\\\\s0\\\\\\\\\\\\\\\\s40\\\\\\\\\\\\\\\\s5\\\\\\\\\\\\\\\\s0\\\\\\\\\\\\\\\\s0\\\\\\\\\\\\\\\\s0.5\\\\s1\\\\\\\\s我的与非门\\\\\\\\s33\\\\\\\\\\\\\\\\s1.5\\\\\\\\\\\\\\\\s0.02\\\\\\\\s32\\\\\\\\\\\\\\\\s1.5\\\\\\\\\\\\\\\\s0.02\\\\\\\\s32\\\\\\\\\\\\\\\\s1.5\\\\\\\\\\\\\\\\s0.02\\\\\\\\s33\\\\\\\\\\\\\\\\s1.5\\\\\\\\\\\\\\\\s0.02\\\\\\\\s0\\\\\\\\\\\\\\\\s0\\\\\\\\\\\\\\\\s40\\\\\\\\\\\\\\\\s5\\\\\\\\\\\\\\\\s0\\\\\\\\\\\\\\\\s0\\\\\\\\\\\\\\\\s0.5\\\\s1\\\\\\\\s我的与非门\\\\\\\\s33\\\\\\\\\\\\\\\\s1.5\\\\\\\\\\\\\\\\s0.02\\\\\\\\s32\\\\\\\\\\\\\\\\s1.5\\\\\\\\\\\\\\\\s0.02\\\\\\\\s32\\\\\\\\\\\\\\\\s1.5\\\\\\\\\\\\\\\\s0.02\\\\\\\\s33\\\\\\\\\\\\\\\\s1.5\\\\\\\\\\\\\\\\s0.02\\\\\\\\s0\\\\\\\\\\\\\\\\s0\\\\\\\\\\\\\\\\s40\\\\\\\\\\\\\\\\s5\\\\\\\\\\\\\\\\s0\\\\\\\\\\\\\\\\s0\\\\\\\\\\\\\\\\s0.5\\\\s1\\\\\\\\s我的与非门\\\\\\\\s33\\\\\\\\\\\\\\\\s1.5\\\\\\\\\\\\\\\\s0.02\\\\\\\\s32\\\\\\\\\\\\\\\\s1.5\\\\\\\\\\\\\\\\s0.02\\\\\\\\s32\\\\\\\\\\\\\\\\s1.5\\\\\\\\\\\\\\\\s0.02\\\\\\\\s33\\\\\\\\\\\\\\\\s1.5\\\\\\\\\\\\\\\\s0.02\\\\\\\\s0\\\\\\\\\\\\\\\\s0\\\\\\\\\\\\\\\\s40\\\\\\\\\\\\\\\\s5\\\\\\\\\\\\\\\\s0\\\\\\\\\\\\\\\\s0\\\\\\\\\\\\\\\\s0.5\\\\s1\\\\\\\\s我的与非门\\\\\\\\s33\\\\\\\\\\\\\\\\s1.5\\\\\\\\\\\\\\\\s0.02\\\\\\\\s32\\\\\\\\\\\\\\\\s1.5\\\\\\\\\\\\\\\\s0.02\\\\\\\\s32\\\\\\\\\\\\\\\\s1.5\\\\\\\\\\\\\\\\s0.02\\\\\\\\s33\\\\\\\\\\\\\\\\s1.5\\\\\\\\\\\\\\\\s0.02\\\\\\\\s0\\\\\\\\\\\\\\\\s0\\\\\\\\\\\\\\\\s40\\\\\\\\\\\\\\\\s5\\\\\\\\\\\\\\\\s0\\\\\\\\\\\\\\\\s0\\\\\\\\\\\\\\\\s0.5\\\\s1\\\\\\\\s我的与非门\\\\\\\\s33\\\\\\\\\\\\\\\\s1.5\\\\\\\\\\\\\\\\s0.02\\\\\\\\s32\\\\\\\\\\\\\\\\s1.5\\\\\\\\\\\\\\\\s0.02\\\\\\\\s32\\\\\\\\\\\\\\\\s1.5\\\\\\\\\\\\\\\\s0.02\\\\\\\\s33\\\\\\\\\\\\\\\\s1.5\\\\\\\\\\\\\\\\s0.02\\\\\\\\s0\\\\\\\\\\\\\\\\s0\\\\\\\\\\\\\\\\s40\\\\\\\\\\\\\\\\s5\\\\\\\\\\\\\\\\s0\\\\\\\\\\\\\\\\s0\\\\\\\\\\\\\\\\s0.5\\\\s1\\\\\\\\s我的与非门\\\\\\\\s33\\\\\\\\\\\\\\\\s1.5\\\\\\\\\\\\\\\\s0.02\\\\\\\\s32\\\\\\\\\\\\\\\\s1.5\\\\\\\\\\\\\\\\s0.02\\\\\\\\s32\\\\\\\\\\\\\\\\s1.5\\\\\\\\\\\\\\\\s0.02\\\\\\\\s33\\\\\\\\\\\\\\\\s1.5\\\\\\\\\\\\\\\\s0.02\\\\\\\\s0\\\\\\\\\\\\\\\\s0\\\\\\\\\\\\\\\\s40\\\\\\\\\\\\\\\\s5\\\\\\\\\\\\\\\\s0\\\\\\\\\\\\\\\\s0\\\\\\\\\\\\\\\\s0.5\\s4097\\\\s3bit超前3\\\\s0\\\\\\\\s0.5\\\\\\\\s5\\\\s0\\\\\\\\s2\\\\\\\\s0\\\\\\\\s5\\\\s0\\\\\\\\s2\\\\\\\\s0\\\\\\\\s5\\\\s0\\\\\\\\s2\\\\\\\\s0\\\\\\\\s5\\\\s0\\\\\\\\s2\\\\\\\\s0\\\\\\\\s5\\\\s0\\\\\\\\s2\\\\\\\\s0\\\\\\\\s5\\\\s0\\\\\\\\s2\\\\\\\\s0\\\\\\\\s5\\\\s0\\\\\\\\s0.5\\\\\\\\s5\\\\s0\\\\\\\\s0.5\\\\\\\\s5\\\\s0\\\\\\\\s2\\\\\\\\s0\\\\\\\\s5\\\\s0\\\\\\\\s2\\\\\\\\s0\\\\\\\\s5\\\\s0\\\\\\\\s0.5\\\\\\\\s5\\\\s0\\\\\\\\s2\\\\\\\\s0\\\\\\\\s5\\\\s0\\\\\\\\s3\\\\\\\\s0\\\\\\\\s5\\\\s0\\\\\\\\s4\\\\\\\\s0\\\\\\\\s5\\\\s0\\\\\\\\s2\\\\\\\\s0\\\\\\\\s5\\\\s0\\\\\\\\s0.5\\\\\\\\s5\\\\s0\\\\\\\\s2\\\\\\\\s0\\\\\\\\s5\\\\s0\\\\\\\\s3\\\\\\\\s0\\\\\\\\s5\\\\s0\\\\\\\\s2\\\\\\\\s0\\\\\\\\s5\\\\s0\\\\\\\\s3\\\\\\\\s0\\\\\\\\s5\\\\s0\\\\\\\\s2\\\\\\\\s0\\\\\\\\s5\\\\s0\\\\\\\\s2\\\\\\\\s0\\\\\\\\s5\\\\s0\\\\\\\\s4\\\\\\\\s0\\\\\\\\s5\\\\s0\\\\\\\\s2\\\\\\\\s0\\\\\\\\s5\\\\s0\\\\\\\\s2\\\\\\\\s0\\\\\\\\s5\\s4097\\\\s3bit超前3\\\\s0\\\\\\\\s0.5\\\\\\\\s5\\\\s0\\\\\\\\s2\\\\\\\\s0\\\\\\\\s5\\\\s0\\\\\\\\s2\\\\\\\\s0\\\\\\\\s5\\\\s0\\\\\\\\s2\\\\\\\\s0\\\\\\\\s5\\\\s0\\\\\\\\s2\\\\\\\\s0\\\\\\\\s5\\\\s0\\\\\\\\s2\\\\\\\\s0\\\\\\\\s5\\\\s0\\\\\\\\s2\\\\\\\\s0\\\\\\\\s5\\\\s0\\\\\\\\s0.5\\\\\\\\s5\\\\s0\\\\\\\\s0.5\\\\\\\\s5\\\\s0\\\\\\\\s2\\\\\\\\s0\\\\\\\\s5\\\\s0\\\\\\\\s2\\\\\\\\s0\\\\\\\\s5\\\\s0\\\\\\\\s0.5\\\\\\\\s5\\\\s0\\\\\\\\s2\\\\\\\\s0\\\\\\\\s5\\\\s0\\\\\\\\s3\\\\\\\\s0\\\\\\\\s5\\\\s0\\\\\\\\s4\\\\\\\\s0\\\\\\\\s5\\\\s0\\\\\\\\s2\\\\\\\\s0\\\\\\\\s5\\\\s0\\\\\\\\s0.5\\\\\\\\s5\\\\s0\\\\\\\\s2\\\\\\\\s0\\\\\\\\s5\\\\s0\\\\\\\\s3\\\\\\\\s0\\\\\\\\s5\\\\s0\\\\\\\\s2\\\\\\\\s0\\\\\\\\s5\\\\s0\\\\\\\\s3\\\\\\\\s0\\\\\\\\s5\\\\s0\\\\\\\\s2\\\\\\\\s0\\\\\\\\s5\\\\s0\\\\\\\\s2\\\\\\\\s0\\\\\\\\s5\\\\s0\\\\\\\\s4\\\\\\\\s0\\\\\\\\s5\\\\s0\\\\\\\\s2\\\\\\\\s0\\\\\\\\s5\\\\s0\\\\\\\\s2\\\\\\\\s0\\\\\\\\s5\s4098\\s8\\s0\\s0\\s0\\s0\\s0\\s0\\s0\\s0\s1\\s改进的乘法器\\s0\\\\s2\\\\s0\\\\s5\\s0\\\\s2\\\\s0\\\\s5\\s0\\\\s2\\\\s0\\\\s5\\s0\\\\s2\\\\s0\\\\s5\\s0\\\\s2\\\\s0\\\\s5\\s0\\\\s2\\\\s0\\\\s5\\s0\\\\s2\\\\s0\\\\s5\\s0\\\\s2\\\\s0\\\\s5\\s0\\\\s2\\\\s0\\\\s5\\s0\\\\s2\\\\s0\\\\s5\\s0\\\\s2\\\\s0\\\\s5\\s0\\\\s2\\\\s0\\\\s5\\s0\\\\s2\\\\s0\\\\s5\\s0\\\\s2\\\\s0\\\\s5\\s0\\\\s2\\\\s0\\\\s5\\s0\\\\s2\\\\s0\\\\s5\\s5120\\s5120\\s5120\\s4098\\\\s1\\s4098\\\\s1\\s4098\\\\s1\\s4098\\\\s1\\s4098\\\\s1\\s5120\\s4098\\\\s1\\s4098\\\\s1\\s4098\\\\s1\s0\\s1\s0\\s1\s0\\s1\s0\\s1\s0\\s1\s0\\s1\s0\\s1\s0\\s1\s2050\\s4\\s0\\s0\\s0\\s0\s0\\s1\s0\\s1\s0\\s1\s0\\s1\s0\\s1\s0\\s1\s0\\s1\s0\\s1\s2050\\s4\\s0\\s0\\s0\\s0\s4097\\s8bit_choose\\s0\\\\s1\\s0\\\\s1\\s0\\\\s1\\s0\\\\s1\\s0\\\\s1\\s0\\\\s1\\s0\\\\s1\\s0\\\\s1\s4097\\s8bit_choose\\s0\\\\s1\\s0\\\\s1\\s0\\\\s1\\s0\\\\s1\\s0\\\\s1\\s0\\\\s1\\s0\\\\s1\\s0\\\\s1
410 352 576 544 864 1 脉动阵列最终 1\s混合3\s5121\\s我的半加器\\s0\\\\s2\\\\s0\\\\s5\\s0\\\\s2\\\\s0\\\\s5\s4097\\s我的全加器\\s1\\\\s我的与非门\\\\s33\\\\\\\\s1.5\\\\\\\\s0.02\\\\s32\\\\\\\\s1.5\\\\\\\\s0.02\\\\s32\\\\\\\\s1.5\\\\\\\\s0.02\\\\s33\\\\\\\\s1.5\\\\\\\\s0.02\\\\s0\\\\\\\\s0\\\\\\\\s40\\\\\\\\s5\\\\\\\\s0\\\\\\\\s0\\\\\\\\s0.5\\s1\\\\s我的与非门\\\\s33\\\\\\\\s1.5\\\\\\\\s0.02\\\\s32\\\\\\\\s1.5\\\\\\\\s0.02\\\\s32\\\\\\\\s1.5\\\\\\\\s0.02\\\\s33\\\\\\\\s1.5\\\\\\\\s0.02\\\\s0\\\\\\\\s0\\\\\\\\s40\\\\\\\\s5\\\\\\\\s0\\\\\\\\s0\\\\\\\\s0.5\\s1\\\\s我的与非门\\\\s33\\\\\\\\s1.5\\\\\\\\s0.02\\\\s32\\\\\\\\s1.5\\\\\\\\s0.02\\\\s32\\\\\\\\s1.5\\\\\\\\s0.02\\\\s33\\\\\\\\s1.5\\\\\\\\s0.02\\\\s0\\\\\\\\s0\\\\\\\\s40\\\\\\\\s5\\\\\\\\s0\\\\\\\\s0\\\\\\\\s0.5\\s1\\\\s我的与非门\\\\s33\\\\\\\\s1.5\\\\\\\\s0.02\\\\s32\\\\\\\\s1.5\\\\\\\\s0.02\\\\s32\\\\\\\\s1.5\\\\\\\\s0.02\\\\s33\\\\\\\\s1.5\\\\\\\\s0.02\\\\s0\\\\\\\\s0\\\\\\\\s40\\\\\\\\s5\\\\\\\\s0\\\\\\\\s0\\\\\\\\s0.5\\s1\\\\s我的与非门\\\\s33\\\\\\\\s1.5\\\\\\\\s0.02\\\\s32\\\\\\\\s1.5\\\\\\\\s0.02\\\\s32\\\\\\\\s1.5\\\\\\\\s0.02\\\\s33\\\\\\\\s1.5\\\\\\\\s0.02\\\\s0\\\\\\\\s0\\\\\\\\s40\\\\\\\\s5\\\\\\\\s0\\\\\\\\s0\\\\\\\\s0.5\\s1\\\\s我的与非门\\\\s33\\\\\\\\s1.5\\\\\\\\s0.02\\\\s32\\\\\\\\s1.5\\\\\\\\s0.02\\\\s32\\\\\\\\s1.5\\\\\\\\s0.02\\\\s33\\\\\\\\s1.5\\\\\\\\s0.02\\\\s0\\\\\\\\s0\\\\\\\\s40\\\\\\\\s5\\\\\\\\s0\\\\\\\\s0\\\\\\\\s0.5\\s1\\\\s我的与非门\\\\s33\\\\\\\\s1.5\\\\\\\\s0.02\\\\s32\\\\\\\\s1.5\\\\\\\\s0.02\\\\s32\\\\\\\\s1.5\\\\\\\\s0.02\\\\s33\\\\\\\\s1.5\\\\\\\\s0.02\\\\s0\\\\\\\\s0\\\\\\\\s40\\\\\\\\s5\\\\\\\\s0\\\\\\\\s0\\\\\\\\s0.5\\s1\\\\s我的与非门\\\\s33\\\\\\\\s1.5\\\\\\\\s0.02\\\\s32\\\\\\\\s1.5\\\\\\\\s0.02\\\\s32\\\\\\\\s1.5\\\\\\\\s0.02\\\\s33\\\\\\\\s1.5\\\\\\\\s0.02\\\\s0\\\\\\\\s0\\\\\\\\s40\\\\\\\\s5\\\\\\\\s0\\\\\\\\s0\\\\\\\\s0.5\\s1\\\\s我的与非门\\\\s33\\\\\\\\s1.5\\\\\\\\s0.02\\\\s32\\\\\\\\s1.5\\\\\\\\s0.02\\\\s32\\\\\\\\s1.5\\\\\\\\s0.02\\\\s33\\\\\\\\s1.5\\\\\\\\s0.02\\\\s0\\\\\\\\s0\\\\\\\\s40\\\\\\\\s5\\\\\\\\s0\\\\\\\\s0\\\\\\\\s0.5\s4097\\s3bit超前3\\s0\\\\s0.5\\\\s5\\s0\\\\s2\\\\s5\\\\s5\\s0\\\\s2\\\\s5\\\\s5\\s0\\\\s2\\\\s5\\\\s5\\s0\\\\s2\\\\s5\\\\s5\\s0\\\\s2\\\\s5\\\\s5\\s0\\\\s2\\\\s5\\\\s5\\s0\\\\s0.5\\\\s5\\s0\\\\s0.5\\\\s5\\s0\\\\s2\\\\s0\\\\s5\\s0\\\\s2\\\\s0\\\\s5\\s0\\\\s0.5\\\\s5\\s0\\\\s2\\\\s5\\\\s5\\s0\\\\s3\\\\s5\\\\s5\\s0\\\\s4\\\\s5\\\\s5\\s0\\\\s2\\\\s0\\\\s5\\s0\\\\s0.5\\\\s5\\s0\\\\s2\\\\s5\\\\s5\\s0\\\\s3\\\\s5\\\\s5\\s0\\\\s2\\\\s0\\\\s5\\s0\\\\s3\\\\s0\\\\s5\\s0\\\\s2\\\\s0\\\\s5\\s0\\\\s2\\\\s0\\\\s5\\s0\\\\s4\\\\s0\\\\s5\\s0\\\\s2\\\\s5\\\\s5\\s0\\\\s2\\\\s0\\\\s5\s4097\\s3bit超前3\\s0\\\\s0.5\\\\s5\\s0\\\\s2\\\\s5\\\\s5\\s0\\\\s2\\\\s5\\\\s5\\s0\\\\s2\\\\s5\\\\s5\\s0\\\\s2\\\\s5\\\\s5\\s0\\\\s2\\\\s5\\\\s5\\s0\\\\s2\\\\s5\\\\s5\\s0\\\\s0.5\\\\s5\\s0\\\\s0.5\\\\s5\\s0\\\\s2\\\\s0\\\\s5\\s0\\\\s2\\\\s0\\\\s5\\s0\\\\s0.5\\\\s5\\s0\\\\s2\\\\s5\\\\s5\\s0\\\\s3\\\\s5\\\\s5\\s0\\\\s4\\\\s5\\\\s5\\s0\\\\s2\\\\s0\\\\s5\\s0\\\\s0.5\\\\s5\\s0\\\\s2\\\\s5\\\\s5\\s0\\\\s3\\\\s5\\\\s5\\s0\\\\s2\\\\s0\\\\s5\\s0\\\\s3\\\\s0\\\\s5\\s0\\\\s2\\\\s0\\\\s5\\s0\\\\s2\\\\s0\\\\s5\\s0\\\\s4\\\\s0\\\\s5\\s0\\\\s2\\\\s5\\\\s5\\s0\\\\s2\\\\s0\\\\s5 4098\s8\s0\s0\s0\s0\s0\s0\s0\s0 1\s改进的乘法器\s0\\s2\\s0\\s5\s0\\s2\\s0\\s5\s0\\s2\\s0\\s5\s0\\s2\\s0\\s5\s0\\s2\\s0\\s5\s0\\s2\\s0\\s5\s0\\s2\\s0\\s5\s0\\s2\\s0\\s5\s0\\s2\\s0\\s5\s0\\s2\\s0\\s5\s0\\s2\\s0\\s5\s0\\s2\\s0\\s5\s0\\s2\\s0\\s5\s0\\s2\\s0\\s5\s0\\s2\\s0\\s5\s0\\s2\\s0\\s5\s5120\s5120\s5120\s4098\\s1\s4098\\s1\s4098\\s1\s4098\\s1\s4098\\s1\s5120\s4098\\s1\s4098\\s1\s4098\\s1 0\s1 0\s1 0\s1 0\s1 0\s1 0\s1 0\s1 0\s1 2050\s4\s0\s0\s0\s0 0\s1 0\s1 0\s1 0\s1 0\s1 0\s1 0\s1 0\s1 2050\s4\s0\s0\s0\s0 4097\s8bit_choose\s0\\s1\s0\\s1\s0\\s1\s0\\s1\s0\\s1\s0\\s1\s0\\s1\s0\\s1 4097\s8bit_choose\s0\\s1\s0\\s1\s0\\s1\s0\\s1\s0\\s1\s0\\s1\s0\\s1\s0\\s1
410 784 128 976 416 1 脉动阵列最终 1\s混合3\s5121\\s我的半加器\\s0\\\\s2\\\\s0\\\\s5\\s0\\\\s2\\\\s0\\\\s5\s4097\\s我的全加器\\s1\\\\s我的与非门\\\\s33\\\\\\\\s1.5\\\\\\\\s0.02\\\\s32\\\\\\\\s1.5\\\\\\\\s0.02\\\\s32\\\\\\\\s1.5\\\\\\\\s0.02\\\\s33\\\\\\\\s1.5\\\\\\\\s0.02\\\\s0\\\\\\\\s0\\\\\\\\s40\\\\\\\\s5\\\\\\\\s0\\\\\\\\s0\\\\\\\\s0.5\\s1\\\\s我的与非门\\\\s33\\\\\\\\s1.5\\\\\\\\s0.02\\\\s32\\\\\\\\s1.5\\\\\\\\s0.02\\\\s32\\\\\\\\s1.5\\\\\\\\s0.02\\\\s33\\\\\\\\s1.5\\\\\\\\s0.02\\\\s0\\\\\\\\s0\\\\\\\\s40\\\\\\\\s5\\\\\\\\s0\\\\\\\\s0\\\\\\\\s0.5\\s1\\\\s我的与非门\\\\s33\\\\\\\\s1.5\\\\\\\\s0.02\\\\s32\\\\\\\\s1.5\\\\\\\\s0.02\\\\s32\\\\\\\\s1.5\\\\\\\\s0.02\\\\s33\\\\\\\\s1.5\\\\\\\\s0.02\\\\s0\\\\\\\\s0\\\\\\\\s40\\\\\\\\s5\\\\\\\\s0\\\\\\\\s0\\\\\\\\s0.5\\s1\\\\s我的与非门\\\\s33\\\\\\\\s1.5\\\\\\\\s0.02\\\\s32\\\\\\\\s1.5\\\\\\\\s0.02\\\\s32\\\\\\\\s1.5\\\\\\\\s0.02\\\\s33\\\\\\\\s1.5\\\\\\\\s0.02\\\\s0\\\\\\\\s0\\\\\\\\s40\\\\\\\\s5\\\\\\\\s0\\\\\\\\s0\\\\\\\\s0.5\\s1\\\\s我的与非门\\\\s33\\\\\\\\s1.5\\\\\\\\s0.02\\\\s32\\\\\\\\s1.5\\\\\\\\s0.02\\\\s32\\\\\\\\s1.5\\\\\\\\s0.02\\\\s33\\\\\\\\s1.5\\\\\\\\s0.02\\\\s0\\\\\\\\s0\\\\\\\\s40\\\\\\\\s5\\\\\\\\s0\\\\\\\\s0\\\\\\\\s0.5\\s1\\\\s我的与非门\\\\s33\\\\\\\\s1.5\\\\\\\\s0.02\\\\s32\\\\\\\\s1.5\\\\\\\\s0.02\\\\s32\\\\\\\\s1.5\\\\\\\\s0.02\\\\s33\\\\\\\\s1.5\\\\\\\\s0.02\\\\s0\\\\\\\\s0\\\\\\\\s40\\\\\\\\s5\\\\\\\\s0\\\\\\\\s0\\\\\\\\s0.5\\s1\\\\s我的与非门\\\\s33\\\\\\\\s1.5\\\\\\\\s0.02\\\\s32\\\\\\\\s1.5\\\\\\\\s0.02\\\\s32\\\\\\\\s1.5\\\\\\\\s0.02\\\\s33\\\\\\\\s1.5\\\\\\\\s0.02\\\\s0\\\\\\\\s0\\\\\\\\s40\\\\\\\\s5\\\\\\\\s0\\\\\\\\s0\\\\\\\\s0.5\\s1\\\\s我的与非门\\\\s33\\\\\\\\s1.5\\\\\\\\s0.02\\\\s32\\\\\\\\s1.5\\\\\\\\s0.02\\\\s32\\\\\\\\s1.5\\\\\\\\s0.02\\\\s33\\\\\\\\s1.5\\\\\\\\s0.02\\\\s0\\\\\\\\s0\\\\\\\\s40\\\\\\\\s5\\\\\\\\s0\\\\\\\\s0\\\\\\\\s0.5\\s1\\\\s我的与非门\\\\s33\\\\\\\\s1.5\\\\\\\\s0.02\\\\s32\\\\\\\\s1.5\\\\\\\\s0.02\\\\s32\\\\\\\\s1.5\\\\\\\\s0.02\\\\s33\\\\\\\\s1.5\\\\\\\\s0.02\\\\s0\\\\\\\\s0\\\\\\\\s40\\\\\\\\s5\\\\\\\\s0\\\\\\\\s0\\\\\\\\s0.5\s4097\\s3bit超前3\\s0\\\\s0.5\\\\s5\\s0\\\\s2\\\\s5\\\\s5\\s0\\\\s2\\\\s5\\\\s5\\s0\\\\s2\\\\s5\\\\s5\\s0\\\\s2\\\\s5\\\\s5\\s0\\\\s2\\\\s5\\\\s5\\s0\\\\s2\\\\s5\\\\s5\\s0\\\\s0.5\\\\s5\\s0\\\\s0.5\\\\s5\\s0\\\\s2\\\\s0\\\\s5\\s0\\\\s2\\\\s0\\\\s5\\s0\\\\s0.5\\\\s5\\s0\\\\s2\\\\s5\\\\s5\\s0\\\\s3\\\\s5\\\\s5\\s0\\\\s4\\\\s5\\\\s5\\s0\\\\s2\\\\s0\\\\s5\\s0\\\\s0.5\\\\s5\\s0\\\\s2\\\\s5\\\\s5\\s0\\\\s3\\\\s5\\\\s5\\s0\\\\s2\\\\s0\\\\s5\\s0\\\\s3\\\\s0\\\\s5\\s0\\\\s2\\\\s0\\\\s5\\s0\\\\s2\\\\s0\\\\s5\\s0\\\\s4\\\\s0\\\\s5\\s0\\\\s2\\\\s5\\\\s5\\s0\\\\s2\\\\s0\\\\s5\s4097\\s3bit超前3\\s0\\\\s0.5\\\\s5\\s0\\\\s2\\\\s5\\\\s5\\s0\\\\s2\\\\s5\\\\s5\\s0\\\\s2\\\\s5\\\\s5\\s0\\\\s2\\\\s5\\\\s5\\s0\\\\s2\\\\s5\\\\s5\\s0\\\\s2\\\\s5\\\\s5\\s0\\\\s0.5\\\\s5\\s0\\\\s0.5\\\\s5\\s0\\\\s2\\\\s0\\\\s5\\s0\\\\s2\\\\s0\\\\s5\\s0\\\\s0.5\\\\s5\\s0\\\\s2\\\\s5\\\\s5\\s0\\\\s3\\\\s5\\\\s5\\s0\\\\s4\\\\s5\\\\s5\\s0\\\\s2\\\\s0\\\\s5\\s0\\\\s0.5\\\\s5\\s0\\\\s2\\\\s5\\\\s5\\s0\\\\s3\\\\s5\\\\s5\\s0\\\\s2\\\\s0\\\\s5\\s0\\\\s3\\\\s0\\\\s5\\s0\\\\s2\\\\s0\\\\s5\\s0\\\\s2\\\\s0\\\\s5\\s0\\\\s4\\\\s0\\\\s5\\s0\\\\s2\\\\s5\\\\s5\\s0\\\\s2\\\\s0\\\\s5 4098\s8\s0\s0\s0\s0\s0\s0\s0\s0 1\s改进的乘法器\s0\\s2\\s0\\s5\s0\\s2\\s0\\s5\s0\\s2\\s0\\s5\s0\\s2\\s0\\s5\s0\\s2\\s0\\s5\s0\\s2\\s0\\s5\s0\\s2\\s0\\s5\s0\\s2\\s0\\s5\s0\\s2\\s0\\s5\s0\\s2\\s0\\s5\s0\\s2\\s0\\s5\s0\\s2\\s0\\s5\s0\\s2\\s0\\s5\s0\\s2\\s0\\s5\s0\\s2\\s0\\s5\s0\\s2\\s0\\s5\s5120\s5120\s5120\s4098\\s1\s4098\\s1\s4098\\s1\s4098\\s1\s4098\\s1\s5120\s4098\\s1\s4098\\s1\s4098\\s1 0\s1 0\s1 0\s1 0\s1 0\s1 0\s1 0\s1 0\s1 2050\s4\s0\s0\s0\s0 0\s1 0\s1 0\s1 0\s1 0\s1 0\s1 0\s1 0\s1 2050\s4\s0\s0\s0\s0 4097\s8bit_choose\s0\\s1\s0\\s1\s0\\s1\s0\\s1\s0\\s1\s0\\s1\s0\\s1\s0\\s1 4097\s8bit_choose\s0\\s1\s0\\s1\s0\\s1\s0\\s1\s0\\s1\s0\\s1\s0\\s1\s0\\s1
410 352 128 544 416 1 脉动阵列最终 1\s混合3\s5121\\s我的半加器\\s0\\\\s2\\\\s0\\\\s5\\s0\\\\s2\\\\s0\\\\s5\s4097\\s我的全加器\\s1\\\\s我的与非门\\\\s33\\\\\\\\s1.5\\\\\\\\s0.02\\\\s32\\\\\\\\s1.5\\\\\\\\s0.02\\\\s32\\\\\\\\s1.5\\\\\\\\s0.02\\\\s33\\\\\\\\s1.5\\\\\\\\s0.02\\\\s0\\\\\\\\s0\\\\\\\\s40\\\\\\\\s5\\\\\\\\s0\\\\\\\\s0\\\\\\\\s0.5\\s1\\\\s我的与非门\\\\s33\\\\\\\\s1.5\\\\\\\\s0.02\\\\s32\\\\\\\\s1.5\\\\\\\\s0.02\\\\s32\\\\\\\\s1.5\\\\\\\\s0.02\\\\s33\\\\\\\\s1.5\\\\\\\\s0.02\\\\s0\\\\\\\\s0\\\\\\\\s40\\\\\\\\s5\\\\\\\\s0\\\\\\\\s0\\\\\\\\s0.5\\s1\\\\s我的与非门\\\\s33\\\\\\\\s1.5\\\\\\\\s0.02\\\\s32\\\\\\\\s1.5\\\\\\\\s0.02\\\\s32\\\\\\\\s1.5\\\\\\\\s0.02\\\\s33\\\\\\\\s1.5\\\\\\\\s0.02\\\\s0\\\\\\\\s0\\\\\\\\s40\\\\\\\\s5\\\\\\\\s0\\\\\\\\s0\\\\\\\\s0.5\\s1\\\\s我的与非门\\\\s33\\\\\\\\s1.5\\\\\\\\s0.02\\\\s32\\\\\\\\s1.5\\\\\\\\s0.02\\\\s32\\\\\\\\s1.5\\\\\\\\s0.02\\\\s33\\\\\\\\s1.5\\\\\\\\s0.02\\\\s0\\\\\\\\s0\\\\\\\\s40\\\\\\\\s5\\\\\\\\s0\\\\\\\\s0\\\\\\\\s0.5\\s1\\\\s我的与非门\\\\s33\\\\\\\\s1.5\\\\\\\\s0.02\\\\s32\\\\\\\\s1.5\\\\\\\\s0.02\\\\s32\\\\\\\\s1.5\\\\\\\\s0.02\\\\s33\\\\\\\\s1.5\\\\\\\\s0.02\\\\s0\\\\\\\\s0\\\\\\\\s40\\\\\\\\s5\\\\\\\\s0\\\\\\\\s0\\\\\\\\s0.5\\s1\\\\s我的与非门\\\\s33\\\\\\\\s1.5\\\\\\\\s0.02\\\\s32\\\\\\\\s1.5\\\\\\\\s0.02\\\\s32\\\\\\\\s1.5\\\\\\\\s0.02\\\\s33\\\\\\\\s1.5\\\\\\\\s0.02\\\\s0\\\\\\\\s0\\\\\\\\s40\\\\\\\\s5\\\\\\\\s0\\\\\\\\s0\\\\\\\\s0.5\\s1\\\\s我的与非门\\\\s33\\\\\\\\s1.5\\\\\\\\s0.02\\\\s32\\\\\\\\s1.5\\\\\\\\s0.02\\\\s32\\\\\\\\s1.5\\\\\\\\s0.02\\\\s33\\\\\\\\s1.5\\\\\\\\s0.02\\\\s0\\\\\\\\s0\\\\\\\\s40\\\\\\\\s5\\\\\\\\s0\\\\\\\\s0\\\\\\\\s0.5\\s1\\\\s我的与非门\\\\s33\\\\\\\\s1.5\\\\\\\\s0.02\\\\s32\\\\\\\\s1.5\\\\\\\\s0.02\\\\s32\\\\\\\\s1.5\\\\\\\\s0.02\\\\s33\\\\\\\\s1.5\\\\\\\\s0.02\\\\s0\\\\\\\\s0\\\\\\\\s40\\\\\\\\s5\\\\\\\\s0\\\\\\\\s0\\\\\\\\s0.5\\s1\\\\s我的与非门\\\\s33\\\\\\\\s1.5\\\\\\\\s0.02\\\\s32\\\\\\\\s1.5\\\\\\\\s0.02\\\\s32\\\\\\\\s1.5\\\\\\\\s0.02\\\\s33\\\\\\\\s1.5\\\\\\\\s0.02\\\\s0\\\\\\\\s0\\\\\\\\s40\\\\\\\\s5\\\\\\\\s0\\\\\\\\s0\\\\\\\\s0.5\s4097\\s3bit超前3\\s0\\\\s0.5\\\\s5\\s0\\\\s2\\\\s5\\\\s5\\s0\\\\s2\\\\s5\\\\s5\\s0\\\\s2\\\\s5\\\\s5\\s0\\\\s2\\\\s5\\\\s5\\s0\\\\s2\\\\s5\\\\s5\\s0\\\\s2\\\\s5\\\\s5\\s0\\\\s0.5\\\\s5\\s0\\\\s0.5\\\\s5\\s0\\\\s2\\\\s0\\\\s5\\s0\\\\s2\\\\s0\\\\s5\\s0\\\\s0.5\\\\s5\\s0\\\\s2\\\\s5\\\\s5\\s0\\\\s3\\\\s5\\\\s5\\s0\\\\s4\\\\s5\\\\s5\\s0\\\\s2\\\\s0\\\\s5\\s0\\\\s0.5\\\\s5\\s0\\\\s2\\\\s5\\\\s5\\s0\\\\s3\\\\s5\\\\s5\\s0\\\\s2\\\\s0\\\\s5\\s0\\\\s3\\\\s0\\\\s5\\s0\\\\s2\\\\s0\\\\s5\\s0\\\\s2\\\\s0\\\\s5\\s0\\\\s4\\\\s0\\\\s5\\s0\\\\s2\\\\s5\\\\s5\\s0\\\\s2\\\\s0\\\\s5\s4097\\s3bit超前3\\s0\\\\s0.5\\\\s5\\s0\\\\s2\\\\s5\\\\s5\\s0\\\\s2\\\\s5\\\\s5\\s0\\\\s2\\\\s5\\\\s5\\s0\\\\s2\\\\s5\\\\s5\\s0\\\\s2\\\\s5\\\\s5\\s0\\\\s2\\\\s5\\\\s5\\s0\\\\s0.5\\\\s5\\s0\\\\s0.5\\\\s5\\s0\\\\s2\\\\s0\\\\s5\\s0\\\\s2\\\\s0\\\\s5\\s0\\\\s0.5\\\\s5\\s0\\\\s2\\\\s5\\\\s5\\s0\\\\s3\\\\s5\\\\s5\\s0\\\\s4\\\\s5\\\\s5\\s0\\\\s2\\\\s0\\\\s5\\s0\\\\s0.5\\\\s5\\s0\\\\s2\\\\s5\\\\s5\\s0\\\\s3\\\\s5\\\\s5\\s0\\\\s2\\\\s0\\\\s5\\s0\\\\s3\\\\s0\\\\s5\\s0\\\\s2\\\\s0\\\\s5\\s0\\\\s2\\\\s0\\\\s5\\s0\\\\s4\\\\s0\\\\s5\\s0\\\\s2\\\\s5\\\\s5\\s0\\\\s2\\\\s0\\\\s5 4098\s8\s0\s0\s0\s0\s0\s0\s0\s0 1\s改进的乘法器\s0\\s2\\s0\\s5\s0\\s2\\s0\\s5\s0\\s2\\s0\\s5\s0\\s2\\s0\\s5\s0\\s2\\s0\\s5\s0\\s2\\s0\\s5\s0\\s2\\s0\\s5\s0\\s2\\s0\\s5\s0\\s2\\s0\\s5\s0\\s2\\s0\\s5\s0\\s2\\s0\\s5\s0\\s2\\s0\\s5\s0\\s2\\s0\\s5\s0\\s2\\s0\\s5\s0\\s2\\s0\\s5\s0\\s2\\s0\\s5\s5120\s5120\s5120\s4098\\s1\s4098\\s1\s4098\\s1\s4098\\s1\s4098\\s1\s5120\s4098\\s1\s4098\\s1\s4098\\s1 0\s1 0\s1 0\s1 0\s1 0\s1 0\s1 0\s1 0\s1 2050\s4\s0\s0\s0\s0 0\s1 0\s1 0\s1 0\s1 0\s1 0\s1 0\s1 0\s1 2050\s4\s0\s0\s0\s0 4097\s8bit_choose\s0\\s1\s0\\s1\s0\\s1\s0\\s1\s0\\s1\s0\\s1\s0\\s1\s0\\s1 4097\s8bit_choose\s0\\s1\s0\\s1\s0\\s1\s0\\s1\s0\\s1\s0\\s1\s0\\s1\s0\\s1
410 784 576 976 864 1 脉动阵列最终 1\s混合3\s5121\\s我的半加器\\s0\\\\s2\\\\s0\\\\s5\\s0\\\\s2\\\\s0\\\\s5\s4097\\s我的全加器\\s1\\\\s我的与非门\\\\s33\\\\\\\\s1.5\\\\\\\\s0.02\\\\s32\\\\\\\\s1.5\\\\\\\\s0.02\\\\s32\\\\\\\\s1.5\\\\\\\\s0.02\\\\s33\\\\\\\\s1.5\\\\\\\\s0.02\\\\s0\\\\\\\\s0\\\\\\\\s40\\\\\\\\s5\\\\\\\\s0\\\\\\\\s0\\\\\\\\s0.5\\s1\\\\s我的与非门\\\\s33\\\\\\\\s1.5\\\\\\\\s0.02\\\\s32\\\\\\\\s1.5\\\\\\\\s0.02\\\\s32\\\\\\\\s1.5\\\\\\\\s0.02\\\\s33\\\\\\\\s1.5\\\\\\\\s0.02\\\\s0\\\\\\\\s0\\\\\\\\s40\\\\\\\\s5\\\\\\\\s0\\\\\\\\s0\\\\\\\\s0.5\\s1\\\\s我的与非门\\\\s33\\\\\\\\s1.5\\\\\\\\s0.02\\\\s32\\\\\\\\s1.5\\\\\\\\s0.02\\\\s32\\\\\\\\s1.5\\\\\\\\s0.02\\\\s33\\\\\\\\s1.5\\\\\\\\s0.02\\\\s0\\\\\\\\s0\\\\\\\\s40\\\\\\\\s5\\\\\\\\s0\\\\\\\\s0\\\\\\\\s0.5\\s1\\\\s我的与非门\\\\s33\\\\\\\\s1.5\\\\\\\\s0.02\\\\s32\\\\\\\\s1.5\\\\\\\\s0.02\\\\s32\\\\\\\\s1.5\\\\\\\\s0.02\\\\s33\\\\\\\\s1.5\\\\\\\\s0.02\\\\s0\\\\\\\\s0\\\\\\\\s40\\\\\\\\s5\\\\\\\\s0\\\\\\\\s0\\\\\\\\s0.5\\s1\\\\s我的与非门\\\\s33\\\\\\\\s1.5\\\\\\\\s0.02\\\\s32\\\\\\\\s1.5\\\\\\\\s0.02\\\\s32\\\\\\\\s1.5\\\\\\\\s0.02\\\\s33\\\\\\\\s1.5\\\\\\\\s0.02\\\\s0\\\\\\\\s0\\\\\\\\s40\\\\\\\\s5\\\\\\\\s0\\\\\\\\s0\\\\\\\\s0.5\\s1\\\\s我的与非门\\\\s33\\\\\\\\s1.5\\\\\\\\s0.02\\\\s32\\\\\\\\s1.5\\\\\\\\s0.02\\\\s32\\\\\\\\s1.5\\\\\\\\s0.02\\\\s33\\\\\\\\s1.5\\\\\\\\s0.02\\\\s0\\\\\\\\s0\\\\\\\\s40\\\\\\\\s5\\\\\\\\s0\\\\\\\\s0\\\\\\\\s0.5\\s1\\\\s我的与非门\\\\s33\\\\\\\\s1.5\\\\\\\\s0.02\\\\s32\\\\\\\\s1.5\\\\\\\\s0.02\\\\s32\\\\\\\\s1.5\\\\\\\\s0.02\\\\s33\\\\\\\\s1.5\\\\\\\\s0.02\\\\s0\\\\\\\\s0\\\\\\\\s40\\\\\\\\s5\\\\\\\\s0\\\\\\\\s0\\\\\\\\s0.5\\s1\\\\s我的与非门\\\\s33\\\\\\\\s1.5\\\\\\\\s0.02\\\\s32\\\\\\\\s1.5\\\\\\\\s0.02\\\\s32\\\\\\\\s1.5\\\\\\\\s0.02\\\\s33\\\\\\\\s1.5\\\\\\\\s0.02\\\\s0\\\\\\\\s0\\\\\\\\s40\\\\\\\\s5\\\\\\\\s0\\\\\\\\s0\\\\\\\\s0.5\\s1\\\\s我的与非门\\\\s33\\\\\\\\s1.5\\\\\\\\s0.02\\\\s32\\\\\\\\s1.5\\\\\\\\s0.02\\\\s32\\\\\\\\s1.5\\\\\\\\s0.02\\\\s33\\\\\\\\s1.5\\\\\\\\s0.02\\\\s0\\\\\\\\s0\\\\\\\\s40\\\\\\\\s5\\\\\\\\s0\\\\\\\\s0\\\\\\\\s0.5\s4097\\s3bit超前3\\s0\\\\s0.5\\\\s5\\s0\\\\s2\\\\s5\\\\s5\\s0\\\\s2\\\\s5\\\\s5\\s0\\\\s2\\\\s5\\\\s5\\s0\\\\s2\\\\s5\\\\s5\\s0\\\\s2\\\\s5\\\\s5\\s0\\\\s2\\\\s5\\\\s5\\s0\\\\s0.5\\\\s5\\s0\\\\s0.5\\\\s5\\s0\\\\s2\\\\s0\\\\s5\\s0\\\\s2\\\\s0\\\\s5\\s0\\\\s0.5\\\\s5\\s0\\\\s2\\\\s5\\\\s5\\s0\\\\s3\\\\s5\\\\s5\\s0\\\\s4\\\\s5\\\\s5\\s0\\\\s2\\\\s0\\\\s5\\s0\\\\s0.5\\\\s5\\s0\\\\s2\\\\s5\\\\s5\\s0\\\\s3\\\\s5\\\\s5\\s0\\\\s2\\\\s0\\\\s5\\s0\\\\s3\\\\s0\\\\s5\\s0\\\\s2\\\\s0\\\\s5\\s0\\\\s2\\\\s0\\\\s5\\s0\\\\s4\\\\s0\\\\s5\\s0\\\\s2\\\\s5\\\\s5\\s0\\\\s2\\\\s0\\\\s5\s4097\\s3bit超前3\\s0\\\\s0.5\\\\s5\\s0\\\\s2\\\\s5\\\\s5\\s0\\\\s2\\\\s5\\\\s5\\s0\\\\s2\\\\s5\\\\s5\\s0\\\\s2\\\\s5\\\\s5\\s0\\\\s2\\\\s5\\\\s5\\s0\\\\s2\\\\s5\\\\s5\\s0\\\\s0.5\\\\s5\\s0\\\\s0.5\\\\s5\\s0\\\\s2\\\\s0\\\\s5\\s0\\\\s2\\\\s0\\\\s5\\s0\\\\s0.5\\\\s5\\s0\\\\s2\\\\s5\\\\s5\\s0\\\\s3\\\\s5\\\\s5\\s0\\\\s4\\\\s5\\\\s5\\s0\\\\s2\\\\s0\\\\s5\\s0\\\\s0.5\\\\s5\\s0\\\\s2\\\\s5\\\\s5\\s0\\\\s3\\\\s5\\\\s5\\s0\\\\s2\\\\s0\\\\s5\\s0\\\\s3\\\\s0\\\\s5\\s0\\\\s2\\\\s0\\\\s5\\s0\\\\s2\\\\s0\\\\s5\\s0\\\\s4\\\\s0\\\\s5\\s0\\\\s2\\\\s5\\\\s5\\s0\\\\s2\\\\s0\\\\s5 4098\s8\s0\s0\s0\s0\s0\s0\s0\s0 1\s改进的乘法器\s0\\s2\\s0\\s5\s0\\s2\\s0\\s5\s0\\s2\\s0\\s5\s0\\s2\\s0\\s5\s0\\s2\\s0\\s5\s0\\s2\\s0\\s5\s0\\s2\\s0\\s5\s0\\s2\\s0\\s5\s0\\s2\\s0\\s5\s0\\s2\\s0\\s5\s0\\s2\\s0\\s5\s0\\s2\\s0\\s5\s0\\s2\\s0\\s5\s0\\s2\\s0\\s5\s0\\s2\\s0\\s5\s0\\s2\\s0\\s5\s5120\s5120\s5120\s4098\\s1\s4098\\s1\s4098\\s1\s4098\\s1\s4098\\s1\s5120\s4098\\s1\s4098\\s1\s4098\\s1 0\s1 0\s1 0\s1 0\s1 0\s1 0\s1 0\s1 0\s1 2050\s4\s0\s0\s0\s0 0\s1 0\s1 0\s1 0\s1 0\s1 0\s1 0\s1 0\s1 2050\s4\s0\s0\s0\s0 4097\s8bit_choose\s0\\s1\s0\\s1\s0\\s1\s0\\s1\s0\\s1\s0\\s1\s0\\s1\s0\\s1 4097\s8bit_choose\s0\\s1\s0\\s1\s0\\s1\s0\\s1\s0\\s1\s0\\s1\s0\\s1\s0\\s1
o 32 1 0 x281013 5 0.00009765625 0 2 8 2 0 32 3 0.000049999999999999996 0 CLK
o 14 1 0 x281013 5 0.00009765625 0 2 8 2 0 14 3 0.000049999999999999996 0 A0
o 15 1 0 x281013 5 0.00009765625 0 2 8 2 0 15 3 0.000049999999999999996 0 A1
o 16 1 0 x281013 5 0.00009765625 0 2 8 2 0 16 3 0.000049999999999999996 0 A2
