$ 1 0.000005 10.20027730826997 50 5 50 5e-11
. 我的与非门 1 2 2 3 A 1 0 2 B 5 1 2 O 2 0 3 MosfetElm\s1\s2\s3\rMosfetElm\s1\s4\s2\rMosfetElm\s5\s0\s4\rMosfetElm\s5\s2\s3\rRailElm\s3 33\\s1.5\\s0.02\s32\\s1.5\\s0.02\s32\\s1.5\\s0.02\s33\\s1.5\\s0.02\s0\\s0\\s40\\s5\\s0\\s0\\s0.5
410 256 96 304 128 1 我的与非门 33\s1.5\s0.02 32\s1.5\s0.02 32\s1.5\s0.02 33\s1.5\s0.02 0\s0\s40\s5\s0\s0\s0.5
410 384 16 448 48 1 我的与非门 33\s1.5\s0.02 32\s1.5\s0.02 32\s1.5\s0.02 33\s1.5\s0.02 0\s0\s40\s5\s0\s0\s0.5
410 400 144 464 192 1 我的与非门 33\s1.5\s0.02 32\s1.5\s0.02 32\s1.5\s0.02 33\s1.5\s0.02 0\s0\s40\s5\s0\s0\s0.5
410 544 80 608 144 1 我的与非门 33\s1.5\s0.02 32\s1.5\s0.02 32\s1.5\s0.02 33\s1.5\s0.02 0\s0\s40\s5\s0\s0\s0.5
410 704 208 768 256 1 我的与非门 33\s1.5\s0.02 32\s1.5\s0.02 32\s1.5\s0.02 33\s1.5\s0.02 0\s0\s40\s5\s0\s0\s0.5
410 848 112 960 160 1 我的与非门 33\s1.5\s0.02 32\s1.5\s0.02 32\s1.5\s0.02 33\s1.5\s0.02 0\s0\s40\s5\s0\s0\s0.5
410 864 272 928 320 1 我的与非门 33\s1.5\s0.02 32\s1.5\s0.02 32\s1.5\s0.02 33\s1.5\s0.02 0\s0\s40\s5\s0\s0\s0.5
410 1024 192 1184 240 1 我的与非门 33\s1.5\s0.02 32\s1.5\s0.02 32\s1.5\s0.02 33\s1.5\s0.02 0\s0\s40\s5\s0\s0\s0.5
410 1024 384 1120 464 1 我的与非门 33\s1.5\s0.02 32\s1.5\s0.02 32\s1.5\s0.02 33\s1.5\s0.02 0\s0\s40\s5\s0\s0\s0.5
w 32 64 208 64 0
w 208 64 208 16 0
w 208 16 384 16 0
w 208 64 208 96 0
w 208 96 256 96 0
w 352 96 384 96 0
w 384 96 384 48 0
w 16 160 208 160 0
w 208 160 208 128 0
w 208 128 256 128 0
w 208 160 208 176 0
w 208 176 400 176 0
w 384 96 384 144 0
w 384 144 400 144 0
w 480 16 544 16 0
w 544 16 544 80 0
w 496 144 544 144 0
w 544 144 544 112 0
w 640 80 672 80 0
w 672 80 672 208 0
w 672 208 704 208 0
w 32 240 672 240 0
w 672 240 704 240 0
w 672 80 848 80 0
w 848 80 848 112 0
w 800 208 848 208 0
w 848 208 848 144 0
w 848 208 848 272 0
w 848 272 864 272 0
w 672 240 672 304 0
w 672 304 864 304 0
w 960 272 1008 272 0
w 1008 272 1024 272 0
w 1024 272 1024 224 0
w 944 112 1024 112 0
w 1024 112 1024 192 0
w 1120 192 1168 192 0
w 848 272 848 352 0
w 848 352 848 384 0
w 848 384 1024 384 0
w 384 144 384 400 0
w 384 400 384 416 0
w 384 416 1024 416 0
207 32 64 -64 64 4 A
207 16 160 -48 160 4 B
207 32 240 -48 240 4 cin
207 1168 192 1296 192 4 sum
207 1120 384 1280 384 4 cout
