$ 1 0.000005 10.20027730826997 50 5 50 5e-11
I 176 496 240 496 0 0.5 5
151 176 384 256 384 0 2 5 5
151 192 208 272 208 0 2 5 5
153 192 272 272 272 0 2 5 5
153 176 432 272 432 0 2 5 5
153 160 -80 256 -80 0 2 5 5
151 160 -176 256 -176 0 2 5 5
I 496 448 576 448 0 0.5 5
I 496 400 576 400 0 0.5 5
150 576 384 688 384 0 2 0 5
154 816 400 944 400 0 2 0 5
I 560 160 640 160 0 0.5 5
w 96 496 176 496 0
w 496 496 496 448 0
w 240 496 432 496 0
w 432 496 496 496 0
w 432 496 432 304 0
w 432 304 576 304 0
150 672 -384 800 -384 0 2 5 5
150 672 -304 816 -304 0 3 5 5
150 672 -224 816 -224 0 4 5 5
150 672 -128 816 -128 0 2 0 5
I 576 -112 672 -112 0 0.5 5
150 672 -32 800 -32 0 2 5 5
150 656 32 816 32 0 3 5 5
153 752 224 944 224 0 2 0 5
153 896 0 1040 0 0 3 0 5
154 1312 -96 1536 -96 0 2 0 5
154 1328 144 1552 144 0 2 0 5
153 960 -384 1072 -384 0 4 0 5
w 576 448 816 448 0
w 816 448 816 416 0
w 688 384 816 384 0
w 944 400 1248 400 0
w 272 432 400 432 0
w 400 432 400 400 0
w 400 400 496 400 0
w 256 384 352 384 0
w 352 384 352 352 0
w 576 352 576 368 0
w 432 304 432 48 0
w 432 48 656 48 0
w 432 48 432 -208 0
w 432 -208 672 -208 0
w 400 400 400 208 0
w 400 208 752 208 0
w 384 208 384 -48 0
w 384 -48 672 -48 0
w 384 -48 384 -240 0
w 400 208 384 208 0
w 384 -240 384 -320 0
w 384 -320 672 -320 0
w 352 352 352 16 0
w 352 16 656 16 0
w 336 16 336 -240 0
w 336 -240 672 -240 0
w 336 16 352 16 0
w 272 272 336 272 0
w 336 272 336 160 0
w 336 160 560 160 0
w 336 160 336 80 0
w 336 80 896 80 0
w 896 80 896 16 0
w 336 80 320 80 0
w 320 80 320 -368 0
w 320 -368 672 -368 0
w 272 208 304 208 0
w 304 208 304 144 0
w 304 144 528 144 0
w 528 144 528 128 0
w 528 128 640 128 0
w 528 128 528 32 0
w 528 32 656 32 0
w 528 32 528 -16 0
w 528 -16 672 -16 0
w 528 -16 528 -192 0
w 528 -192 672 -192 0
w 528 -192 528 -304 0
w 528 -304 672 -304 0
w 256 -80 576 -80 0
w 576 -80 576 -112 0
w 576 -112 576 -416 0
w 576 -416 960 -416 0
w 672 -176 672 -144 0
w 256 -176 480 -176 0
w 480 -176 672 -176 0
w 480 -176 480 -256 0
w 480 -256 672 -256 0
w 480 -256 480 -288 0
w 480 -288 672 -288 0
w 480 -288 480 -400 0
w 480 -400 672 -400 0
w 816 -224 960 -224 0
w 960 -224 960 -352 0
w 816 -304 896 -304 0
w 896 -304 896 -368 0
w 896 -368 960 -368 0
w 800 -384 960 -384 0
w 960 -384 960 -400 0
w 816 32 880 32 0
w 880 32 880 0 0
w 880 0 896 0 0
w 800 -32 896 -32 0
w 896 -32 896 -16 0
w 816 -128 1312 -128 0
w 1312 -128 1312 -112 0
w 1040 0 1312 0 0
w 1312 0 1312 -80 0
w 688 288 752 288 0
w 752 288 752 240 0
w 736 144 1328 128 0
w 944 224 1328 224 0
w 1328 224 1328 160 0
w 1072 -384 1280 -384 0
207 96 496 16 496 4 Cin
w 16 448 112 448 0
w 112 448 112 400 0
w 112 400 176 400 0
w 112 448 176 448 0
w 0 384 128 384 0
w 128 384 128 368 0
w 128 368 176 368 0
w 128 384 128 416 0
w 128 416 176 416 0
w -16 288 112 288 0
w 112 288 112 224 0
w 112 224 192 224 0
w -32 224 64 224 0
w 64 224 64 192 0
w 64 192 192 192 0
w 64 224 64 256 0
w 64 256 192 256 0
w 112 288 192 288 0
w -64 -112 96 -112 0
w 96 -112 96 -64 0
w 96 -64 160 -64 0
w 96 -112 96 -160 0
w 96 -160 160 -160 0
w -64 -160 64 -160 0
w 64 -160 64 -96 0
w 64 -96 144 -96 0
w 64 -160 64 -192 0
w 64 -192 160 -192 0
w 144 -96 160 -96 0
207 16 448 -80 448 4 A0
207 0 384 -112 384 4 B0
207 -32 224 -112 224 4 B1
207 -64 -112 -128 -112 4 A2
207 -64 -160 -160 -160 4 B2
207 -16 288 -112 288 4 A1
207 1248 400 1360 400 4 S0
207 1552 144 1648 144 4 S1
207 1536 -96 1664 -96 4 S2
207 1280 -384 1392 -384 4 Cout
w 352 352 512 352 0
w 512 352 512 272 0
w 512 272 576 272 0
w 512 352 576 352 0
150 576 288 688 288 0 2 5 5
150 640 144 736 144 0 2 0 5
