$ 1 0.000005 10.20027730826997 50 5 50 5e-11
w 304 96 400 96 0
w 304 128 400 128 0
w 304 160 400 160 0
w 304 192 400 192 0
. 改进的乘法器 1 8 2 16 0 14 7 1 1 42 6 1 2 43 5 1 3 44 4 1 4 45 3 1 5 46 2 1 6 47 1 1 7 48 0 1 X0 11 7 0 X1 8 5 0 X2 4 3 0 X3 2 1 0 Y0 6 6 0 Y1 1 4 0 Y2 40 2 0 Y3 41 0 0 AndGateElm\s1\s2\s3\rAndGateElm\s1\s4\s5\rAndGateElm\s6\s2\s7\rAndGateElm\s1\s8\s9\rAndGateElm\s6\s4\s10\rAndGateElm\s1\s11\s12\rAndGateElm\s6\s8\s13\rAndGateElm\s6\s11\s14\rAndGateElm\s40\s8\s33\rAndGateElm\s40\s11\s32\rAndGateElm\s40\s4\s34\rAndGateElm\s40\s2\s35\rAndGateElm\s41\s4\s38\rAndGateElm\s41\s8\s37\rAndGateElm\s41\s11\s36\rAndGateElm\s41\s2\s39\rHalfAdderElm\s17\s21\s29\s3\rHalfAdderElm\s43\s18\s15\s32\rHalfAdderElm\s44\s24\s22\s36\rFullAdderElm\s35\s21\s27\s20\s28\rFullAdderElm\s34\s17\s23\s19\s20\rFullAdderElm\s33\s16\s22\s18\s19\rFullAdderElm\s9\s10\s15\s31\s30\rFullAdderElm\s5\s7\s16\s30\s29\rHalfAdderElm\s42\s31\s13\s12\rFullAdderElm\s37\s23\s45\s24\s25\rFullAdderElm\s38\s27\s46\s25\s26\rFullAdderElm\s39\s28\s47\s26\s48 0\\s2\\s0\\s5\s0\\s2\\s0\\s5\s0\\s2\\s0\\s5\s0\\s2\\s0\\s5\s0\\s2\\s0\\s5\s0\\s2\\s0\\s5\s0\\s2\\s0\\s5\s0\\s2\\s0\\s5\s0\\s2\\s0\\s5\s0\\s2\\s0\\s5\s0\\s2\\s0\\s5\s0\\s2\\s0\\s5\s0\\s2\\s0\\s5\s0\\s2\\s0\\s5\s0\\s2\\s0\\s5\s0\\s2\\s0\\s5\s5120\s5120\s5120\s4098\\s1\s4098\\s1\s4098\\s1\s4098\\s1\s4098\\s1\s5120\s4098\\s1\s4098\\s1\s4098\\s1
410 480 272 544 336 1 改进的乘法器 0\s2\s0\s5 0\s2\s0\s5 0\s2\s0\s5 0\s2\s0\s5 0\s2\s0\s5 0\s2\s0\s5 0\s2\s0\s5 0\s2\s0\s5 0\s2\s0\s5 0\s2\s0\s5 0\s2\s0\s5 0\s2\s0\s5 0\s2\s0\s5 0\s2\s0\s5 0\s2\s0\s5 0\s2\s0\s5 5120 5120 5120 4098\s1 4098\s1 4098\s1 4098\s1 4098\s1 5120 4098\s1 4098\s1 4098\s1
w 400 96 736 96 0
w 736 96 736 240 0
w 400 128 672 128 0
w 672 128 672 240 0
w 400 160 608 160 0
w 608 160 608 240 0
w 400 192 544 192 0
w 544 192 544 240 0
410 128 304 256 352 1 改进的乘法器 0\s2\s0\s5 0\s2\s0\s5 0\s2\s0\s5 0\s2\s0\s5 0\s2\s0\s5 0\s2\s0\s5 0\s2\s0\s5 0\s2\s0\s5 0\s2\s0\s5 0\s2\s0\s5 0\s2\s0\s5 0\s2\s0\s5 0\s2\s0\s5 0\s2\s0\s5 0\s2\s0\s5 0\s2\s0\s5 5120 5120 5120 4098\s1 4098\s1 4098\s1 4098\s1 4098\s1 5120 4098\s1 4098\s1 4098\s1
w 80 208 384 208 0
w 384 208 384 272 0
w 80 224 320 224 0
w 320 224 320 272 0
w 80 240 256 240 0
w 256 240 256 272 0
w 80 256 192 256 0
w 192 256 192 272 0
. 8bit3 1 16 2 25 A0 19 7 0 A1 15 6 0 A2 11 5 0 A3 6 4 0 A4 30 3 0 A5 1 2 0 A6 27 1 0 A7 22 0 0 B0 20 15 0 B1 16 14 0 B2 12 13 0 B3 7 12 0 B4 31 11 0 B5 2 10 0 B6 28 9 0 B7 23 8 0 S0 21 8 1 S1 17 7 1 S2 13 6 1 S3 8 5 1 S4 32 4 1 S5 3 3 1 S6 29 2 1 S7 24 1 1 S8 26 0 1 FullAdderElm\s1\s2\s3\s4\s5\rFullAdderElm\s6\s7\s8\s9\s10\rFullAdderElm\s11\s12\s13\s14\s9\rFullAdderElm\s15\s16\s17\s18\s14\rFullAdderElm\s19\s20\s21\s0\s18\rFullAdderElm\s22\s23\s24\s25\s26\rFullAdderElm\s27\s28\s29\s5\s25\rFullAdderElm\s30\s31\s32\s10\s4 4098\\s1\s4098\\s1\s4098\\s1\s4098\\s1\s4098\\s1\s4098\\s1\s4098\\s1\s4098\\s1
410 144 432 512 496 1 8bit3 4098\s1 4098\s1 4098\s1 4098\s1 4098\s1 4098\s1 4098\s1 4098\s1
w 736 336 656 400 0
w 704 336 624 400 0
w 672 336 592 400 0
w 640 336 560 400 0
w 608 336 528 400 0
w 576 336 496 400 0
w 544 336 464 400 0
w 512 336 432 400 0
w 384 368 400 400 0
w 352 368 368 400 0
w 320 368 336 400 0
w 288 368 304 400 0
w 256 368 272 400 0
w 224 368 240 400 0
w 192 368 208 400 0
w 160 368 176 400 0
w 736 96 992 96 0
w 672 128 992 128 0
w 608 160 992 160 0
w 544 192 992 192 0
w 384 208 992 208 0
w 320 224 992 224 0
w 256 240 432 240 0
w 432 240 432 256 0
w 432 256 992 256 0
w 192 256 416 256 0
w 416 256 416 272 0
w 416 272 992 272 0
168 1056 64 1200 64 2050 8 0 0 0 0 0 0 0 0
w 992 96 1056 96 0
w 992 128 1056 128 0
w 992 160 1056 160 0
w 992 192 1056 192 0
w 992 208 1056 208 0
w 1056 208 1056 224 0
w 992 224 1040 224 0
w 1040 224 1040 256 0
w 1040 256 1056 256 0
w 992 256 1024 256 0
w 1024 256 1024 288 0
w 1024 288 1056 288 0
w 992 272 992 320 0
w 992 320 1056 320 0
w -48 -160 704 -160 0
w 704 -160 704 240 0
w -48 -128 640 -128 0
w 640 -128 640 240 0
w -48 -96 576 -96 0
w 576 -96 576 224 0
w -48 -64 512 -64 0
w 512 -64 512 240 0
w 576 224 576 240 0
w -192 -32 352 -32 0
w 352 -32 352 256 0
w 352 256 352 272 0
w -192 0 272 0 0
w 272 0 288 0 0
w 288 0 288 256 0
w 288 256 288 272 0
w -192 32 224 32 0
w 224 32 224 272 0
168 912 -192 1056 -192 2050 8 0 0 0 0 0 0 0 0
w 704 -160 912 -160 0
w 640 -128 912 -128 0
w 576 -96 912 -96 0
w 512 -64 912 -64 0
w 352 -32 912 -32 0
w 288 0 912 0 0
w 224 32 912 32 0
w 160 272 160 64 0
w 160 64 -208 64 0
w 160 64 912 64 0
w 912 -192 -320 -192 0
w -320 -192 -320 -288 0
w -320 -288 1040 -288 0
w 1040 -288 1040 64 0
w 1040 64 1056 64 0
207 -320 -288 -464 -288 4 clk
207 -48 -160 -480 -160 4 X00
207 -48 -128 -480 -128 4 X01
207 -48 -96 -496 -96 4 X02
207 -48 -64 -480 -64 4 X03
207 -192 -32 -480 -32 4 X10
207 -192 0 -480 0 4 X11
207 -192 32 -480 32 4 X12
207 -208 64 -480 64 4 X13
207 304 96 -480 96 4 Y00
207 304 128 -480 128 4 Y01
207 304 160 -480 160 4 Y02
207 304 192 -480 192 4 Y03
207 80 208 -480 208 4 Y10
207 80 224 -480 224 4 Y11
207 80 240 -480 240 4 Y12
207 80 256 -480 256 4 Y13
207 1008 -160 1360 -160 4 X'00
207 1008 -128 1360 -128 4 X'01
207 1008 -96 1360 -96 4 X'02
207 1008 -64 1360 -64 4 X'03
207 1008 -32 1360 -32 4 X'10
207 1008 0 1360 0 4 X'11
207 1008 32 1360 32 4 X'12
207 1008 64 1360 64 4 X'13
207 1152 96 1360 96 4 Y'00
207 1152 128 1376 128 4 Y'01
207 1152 160 1376 160 4 Y'02
207 1152 192 1376 192 4 Y'03
207 1152 224 1376 224 4 Y'10
207 1152 256 1376 256 4 Y'11
207 1152 288 1376 288 4 Y'12
207 1152 320 1376 320 4 Y'13
207 432 496 432 640 4 S0
207 400 496 400 640 4 S1
207 368 496 368 624 4 S2
207 336 496 336 624 4 S3
207 304 496 304 624 4 S4
207 272 496 272 608 4 S5
207 240 496 240 608 4 S6
207 208 496 208 640 4 S7
