$ 1 0.000005 10.20027730826997 50 5 50 5e-11
150 -48 112 -48 224 0 2 0 5
150 128 96 128 192 0 2 0 5
150 192 80 192 176 0 2 0 5
150 288 112 288 192 0 2 0 5
150 352 96 352 160 0 2 0 5
150 448 128 448 208 0 2 0 5
150 512 96 512 192 0 2 0 5
150 608 96 608 240 0 2 0 5
w 592 96 592 -16 0
w 592 -16 592 -112 0
w 176 -16 176 80 0
w 112 -48 112 96 0
w -64 -48 -64 112 0
w 448 208 464 240 0
w 512 192 496 240 0
w 352 160 336 240 0
w 288 192 304 240 0
w 192 176 176 256 0
w 128 192 144 256 0
w -48 224 -32 256 0
w 368 336 368 544 0
w 208 352 176 544 0
w 0 352 -16 544 0
w 336 640 208 544 0
w 144 640 16 544 0
w -48 640 -208 544 0
w -32 352 -240 544 0
w 208 640 208 784 0
w 16 640 -16 784 0
w 176 880 16 784 0
w -48 880 -208 784 0
w -272 880 -432 784 0
w -208 640 -240 784 0
w -272 640 -464 784 0
w 144 352 0 256 0
w 304 336 208 256 0
w 464 336 368 240 0
w 336 496 336 544 0
w 144 528 144 544 0
w -48 528 -48 544 0
w -272 528 -272 544 0
w 176 752 176 784 0
w -48 768 -48 784 0
w -272 768 -272 784 0
w -496 768 -496 784 0
w 128 416 128 448 0
w -512 672 -512 720 0
207 592 -112 592 -144 4 Y0
w 464 128 464 112 0
w 304 112 304 64 0
w 528 96 528 64 0
w 368 96 368 80 0
w 144 96 144 80 0
w 208 80 208 16 0
w -32 112 -32 16 0
207 608 240 608 1008 4 0
207 496 336 496 1008 4 1
207 368 640 368 1008 4 2
207 208 880 208 1008 4 3
207 16 880 16 1008 4 4
207 -208 880 -208 1008 4 5
207 -432 880 -432 1008 4 6
207 -496 880 -464 992 4 7
w 320 416 320 432 0
w 352 416 352 432 0
w 160 688 160 704 0
w 192 688 192 704 0
w 128 448 128 464 0
w 160 448 160 464 0
w 144 496 144 528 0
w 320 432 320 448 0
w 352 432 352 448 0
w 336 480 336 496 0
w -32 480 -32 496 0
w -64 480 -64 496 0
w -48 512 -48 528 0
w -288 480 -288 496 0
w -256 480 -256 496 0
w -272 512 -272 528 0
w 176 720 176 752 0
w -32 704 -32 720 0
w -64 704 -64 720 0
w -48 752 -48 768 0
w -256 720 -256 736 0
w -288 720 -288 736 0
w -272 752 -272 768 0
w -512 720 -512 736 0
w -480 720 -480 736 0
w -496 752 -496 768 0
150 144 464 144 496 0 2 0 5
150 336 448 336 480 0 2 0 5
150 -48 496 -48 512 0 2 0 5
150 -272 496 -272 512 0 2 0 5
150 -272 736 -272 752 0 2 0 5
150 -48 720 -48 752 0 2 0 5
150 176 704 176 720 0 2 0 5
150 -496 736 -496 752 0 2 0 5
413 -1728 1088 -1408 1088 0 4 4 -2
R -1728 1120 -1840 1120 0 2 40 5 0 0 0.5
R -1728 1152 -1840 1152 0 2 40 5 0 0 0.5
R -1728 1184 -1840 1184 0 2 40 5 0 0 0.5
R -1728 1216 -1840 1216 0 2 40 5 0 0 0.5
w -1632 1120 -1472 1120 0
d -1424 1120 -1472 1120 2 default
d -1424 1184 -1472 1184 2 default
w -1632 1152 -1472 1152 0
w -1472 1152 -1472 1184 0
w -1632 1184 -1488 1184 0
w -1632 1216 -1520 1216 0
w -1520 1216 -1520 1248 0
w -1488 1184 -1488 1232 0
w -1488 1232 -1472 1232 0
w -1520 1248 -1520 1296 0
w -1520 1296 -1472 1296 0
d -1424 1232 -1472 1232 2 default
d -1408 1296 -1472 1296 2 default
w -1424 1120 -1408 1120 0
w -1424 1184 -1408 1184 0
w -1424 1232 -1408 1232 0
w -1408 1296 -1392 1296 0
w -1344 1104 -1264 1104 0
w -1344 1168 -1264 1168 0
w -1344 1216 -1264 1216 0
w -1344 1280 -1264 1280 0
w -1264 1280 -1264 1216 0
w -1264 1216 -1264 1168 0
w -1264 1168 -1264 1104 0
w -1264 1104 -1264 1008 0
w -1632 1088 -1568 1088 0
w -1568 1088 -1568 1024 0
w -1264 1008 -1568 1008 0
w -1568 1008 -1568 1024 0
w -1568 1008 -1856 1008 0
w -1856 1008 -1904 1008 0
w -1856 1008 -1856 1072 0
w -1856 1072 -1856 1088 0
w -1856 1088 -1776 1088 0
I -1776 1088 -1728 1088 0 0.5 5
w -1344 1136 -1184 1136 0
w -1344 1200 -1184 1200 0
w -1344 1248 -1184 1248 0
w -1344 1312 -1184 1312 0
207 -1184 1136 -1136 1136 4 H
207 -1184 1200 -1136 1200 4 L
207 -1184 1248 -1136 1248 4 H
207 -1184 1312 -1136 1312 4 L
207 -1904 1008 -1968 1008 4 L
207 624 96 624 0 4 X0
207 528 64 528 -16 4 X1
207 496 96 496 -16 4 Y0
207 464 112 464 -16 4 X0
207 432 128 432 -16 4 Y1
207 368 80 368 -16 4 X2
207 336 96 336 -16 4 Y0
207 304 64 304 -16 4 X1
207 272 112 272 -16 4 Y1
207 208 16 208 -16 4 X3
207 176 -16 176 -64 4 Y0
207 112 -48 112 -80 4 Y1
207 -32 16 -32 -80 4 X3
207 -64 -48 -64 -80 4 Y1
207 144 80 144 -16 4 X2
207 352 416 352 368 4 X0
207 320 416 320 368 4 Y2
207 160 448 160 384 4 X1
207 128 416 128 384 4 Y2
207 -32 480 -32 400 4 X2
207 -64 480 -64 400 4 Y2
207 -256 480 -256 400 4 X3
207 -288 480 -288 400 4 Y2
207 -256 720 -256 688 4 X2
207 -288 720 -288 640 4 Y3
207 -32 704 -32 656 4 X1
207 -64 704 -64 640 4 Y3
207 160 688 160 656 4 Y3
207 192 688 192 656 4 X0
207 -480 720 -480 640 4 X3
207 -512 672 -512 592 4 Y3
195 -64 288 48 288 5120
195 304 576 416 576 5120
195 -672 1360 -560 1360 5120
195 144 816 256 816 5120
195 -672 1440 -560 1440 5120
196 -304 576 -144 576 4098 1
196 -80 576 80 576 4098 1
196 112 576 272 576 4098 1
196 272 272 432 272 4098 1
196 112 288 272 288 4098 1
195 432 272 544 272 5120
196 -80 816 80 816 4098 1
196 -304 816 -144 816 4098 1
196 -528 816 -368 816 4098 1
